turn,time_sigma_ns,Q1
0,27.031799085436603,-0.003482259173236423
1,27.031798421818905,-0.003482270739660508
2,27.0317978219201,-0.0034822800340657844
3,27.031797285739973,-0.003482287056473987
4,27.031796813278305,-0.0034822918069070704
5,27.03179640453488,-0.003482294285386966
6,27.031796059509464,-0.0034822944919362924
7,27.03179577820182,-0.0034822924265776748
8,27.03179556061168,-0.0034822880893345186
9,27.031795406738784,-0.0034822814802301758
10,27.031795316582873,-0.003482272599288218
11,27.031795290143663,-0.003482261446532709
12,27.031795327420856,-0.003482248021988191
13,27.03179542841416,-0.003482232325679208
14,27.03179559312326,-0.003482214357630773
15,27.031795821547846,-0.003482194117868213
16,27.031796113687587,-0.003482171606416935
17,27.031796469542147,-0.00348214682330304
18,27.031796889111174,-0.003482119768552815
19,27.031797372394315,-0.0034820904421926655
20,27.031797919391206,-0.0034820588442495796
21,27.03179853010147,-0.003482024974750735
22,27.03179920452472,-0.0034819888337234667
23,27.031799942660573,-0.003481950421195597
24,27.03180074450861,-0.003481909737195383
25,27.031801610068438,-0.0034818667817510204
26,27.031802539339616,-0.0034818215548914977
27,27.031803532321725,-0.0034817740566457167
28,27.031804589014317,-0.003481724287042974
29,27.031805709416947,-0.003481672246113056
30,27.031806893529154,-0.003481617933885816
31,27.031808141350467,-0.0034815613503917276
32,27.03180945288041,-0.0034815024956612404
33,27.031810828118488,-0.003481441369725375
34,27.031812267064222,-0.0034813779726151402
35,27.031813769717086,-0.0034813123043623407
36,27.03181533607658,-0.00348124436499859
37,27.03181696614216,-0.003481174154556341
38,27.03181865991331,-0.0034811016730678054
39,27.031820417389472,-0.00348102692056586
40,27.031822238570097,-0.0034809498970836492
41,27.031824123454623,-0.003480870602654508
42,27.031826072042485,-0.0034807890373121445
43,27.031828084333085,-0.003480705201090595
44,27.031830160325846,-0.00348061909402426
45,27.03183230002016,-0.0034805307161478063
46,27.031834503415418,-0.003480440067496107
47,27.031836770511,-0.003480347148104557
48,27.03183910130628,-0.0034802519580086687
49,27.03184149580062,-0.0034801544972442792
50,27.031843953993366,-0.0034800547658477227
51,27.031846475883867,-0.003479952763855462
52,27.03184906147146,-0.0034798484913043715
53,27.03185171075545,-0.0034797419482317125
54,27.031854423735176,-0.0034796331346746683
55,27.031857200409924,-0.0034795220506712242
56,27.031860040779012,-0.0034794086962593035
57,27.031862944841706,-0.003479293071477376
58,27.03186591259729,-0.003479175176364208
59,27.031868944045033,-0.003479055010958684
60,27.031872039184194,-0.0034789325753003053
61,27.03187519801402,-0.003478807869428603
62,27.031878420533747,-0.003478680893383523
63,27.03188170674261,-0.0034785516472054154
64,27.03188505663983,-0.0034784201309346345
65,27.03188847022462,-0.0034782863446122286
66,27.031891947496177,-0.0034781502882793567
67,27.03189548845369,-0.0034780119619776378
68,27.031899093096346,-0.003477871365748846
69,27.03190276142332,-0.003477728499634972
70,27.031906493433784,-0.0034775833636785307
71,27.03191028912688,-0.003477435957922259
72,27.03191414850176,-0.0034772862824092583
73,27.031918071557563,-0.0034771343371828066
74,27.031922058293407,-0.0034769801222867677
75,27.031926108708404,-0.003476823637765127
76,27.031930222801677,-0.0034766648836620853
77,27.031934400572318,-0.003476503860022214
78,27.031938642019423,-0.003476340566890502
79,27.03194294714206,-0.0034761750043122356
80,27.03194731593931,-0.0034760071723328196
81,27.03195174841023,-0.0034758370709982245
82,27.03195624455387,-0.003475664700354557
83,27.031960804369277,-0.003475490060448331
84,27.031965427855475,-0.003475313151326423
85,27.031970115011493,-0.003475133973035885
86,27.03197486583634,-0.003474952525624147
87,27.031979680329027,-0.0034747688091389586
88,27.03198455848854,-0.0034745828236283664
89,27.031989500313873,-0.0034743945691405797
90,27.031994505804,-0.003474204045724467
91,27.031999574957883,-0.0034740112534288924
92,27.032004707774497,-0.0034738161923029056
93,27.032009904252774,-0.0034736188623964133
94,27.032015164391662,-0.0034734192637591492
95,27.032020488190074,-0.0034732173964415417
96,27.03202587564695,-0.0034730132604938262
97,27.032031326761196,-0.0034728068559669472
98,27.032036841531703,-0.003472598182912226
99,27.032042419957374,-0.003472387241380828
100,27.032048062037074,-0.0034721740314248486
101,27.032053767769696,-0.0034719585530961056
102,27.032059537154097,-0.0034717408064470143
103,27.032065370189137,-0.003471520791530264
104,27.03207126687365,-0.003471298508398924
105,27.032077227206482,-0.0034710739571062192
106,27.03208325118645,-0.003470847137705856
107,27.032089338812373,-0.0034706180502518825
108,27.03209549008306,-0.003470386694798414
109,27.032101704997306,-0.0034701530713999802
110,27.032107983553914,-0.003469917180111426
111,27.03211432575165,-0.0034696790209880007
112,27.03212073158928,-0.0034694385940852897
113,27.03212720106557,-0.0034691958994589756
114,27.032133734179272,-0.0034689509371651525
115,27.032140330929128,-0.003468703707260361
116,27.03214699131387,-0.003468454209801233
117,27.032153715332218,-0.0034682024448447948
118,27.03216050298289,-0.0034679484124484432
119,27.032167354264583,-0.0034676921126698844
120,27.032174269176,-0.0034674335455669456
121,27.03218124771583,-0.0034671727111979843
122,27.03218828988274,-0.003466909609621602
123,27.032195395675394,-0.0034666442408967236
124,27.03220256509246,-0.0034663766050825337
125,27.03220979813258,-0.0034661067022385274
126,27.03221709479438,-0.0034658345324247463
127,27.032224455076513,-0.0034655600957010763
128,27.03223187897758,-0.003465283392128085
129,27.032239366496203,-0.0034650044217664614
130,27.032246917630985,-0.0034647231846771996
131,27.03225453238051,-0.003464439680921857
132,27.03226221074335,-0.0034641539105622547
133,27.032269952718107,-0.0034638658736599595
134,27.032277758303312,-0.003463575570277693
135,27.032285627497544,-0.0034632830004777686
136,27.03229356029934,-0.0034629881643232345
137,27.03230155670723,-0.003462691061877498
138,27.032309616719747,-0.003462391693203834
139,27.032317740335408,-0.0034620900583662434
140,27.03232592755271,-0.003461786157428972
141,27.032334178370153,-0.0034614799904563788
142,27.03234249278624,-0.0034611715575132715
143,27.032350870799434,-0.0034608608586647626
144,27.03235931240821,-0.0034605478939763487
145,27.03236781761104,-0.0034602326635135242
146,27.03237638640636,-0.003459915167342443
147,27.03238501879261,-0.0034595954055295563
148,27.032393714768236,-0.0034592733781413434
149,27.032402474331647,-0.0034589490852448925
150,27.032411297481268,-0.0034586225269073196
151,27.0324201842155,-0.0034582937031963127
152,27.03242913453274,-0.0034579626141795798
153,27.032438148431364,-0.0034576292599255622
154,27.032447225909763,-0.0034572936405025357
155,27.032456366966287,-0.003456955755979535
156,27.032465571599303,-0.0034566156064255397
157,27.032474839807158,-0.0034562731919099603
158,27.032484171588184,-0.00345592851250276
159,27.03249356694072,-0.0034555815682737333
160,27.032503025863083,-0.0034552323592933333
161,27.032512548353584,-0.0034548808856322095
162,27.03252213441052,-0.0034545271473613555
163,27.032531784032194,-0.003454171144551924
164,27.03254149721688,-0.003453812877275672
165,27.03255127396285,-0.003453452345604501
166,27.032561114268365,-0.003453089549610577
167,27.032571018131684,-0.0034527244893665177
168,27.032580985551057,-0.003452357164944976
169,27.03259101652471,-0.0034519875764192124
170,27.032601111050873,-0.0034516157238627257
171,27.032611269127763,-0.003451241607349179
172,27.032621490753588,-0.0034508652269526225
173,27.032631775926554,-0.0034504865827474696
174,27.032642124644838,-0.003450105674808358
175,27.032652536906628,-0.003449722503210309
176,27.032663012710085,-0.0034493370680286854
177,27.03267355205338,-0.003448949369339021
178,27.03268415493466,-0.003448559407217345
179,27.032694821352063,-0.0034481671817397598
180,27.032705551303728,-0.0034477726929829466
181,27.032716344787776,-0.0034473759410236027
182,27.032727201802324,-0.003446976925938909
183,27.03273812234547,-0.003446575647806382
184,27.032749106415316,-0.0034461721067038345
185,27.032760154009935,-0.0034457663027093743
186,27.03277126512743,-0.0034453582359010525
187,27.032782439765842,-0.0034449479063580354
188,27.032793677923248,-0.0034445353141589435
189,27.032804979597692,-0.003444120459383248
190,27.032816344787204,-0.003443703342110669
191,27.032827773489817,-0.0034432839624210124
192,27.032839265703558,-0.003442862320394579
193,27.03285082142643,-0.0034424384161119348
194,27.032862440656437,-0.0034420122496539394
195,27.032874123391576,-0.0034415838211017493
196,27.032885869629833,-0.003441153130536694
197,27.032897679369164,-0.003440720178040871
198,27.03290955260756,-0.0034402849636960163
199,27.032921489342954,-0.003439847487584773
200,27.032933489573306,-0.0034394077497897023
201,27.032945553296553,-0.0034389657503937692
202,27.032957680510606,-0.003438521489480616
203,27.032969871213393,-0.0034380749671336533
204,27.032982125402825,-0.003437626183436793
205,27.032994443076795,-0.0034371751384743477
206,27.0330068242332,-0.003436721832330825
207,27.033019268869918,-0.0034362662650911347
208,27.033031776984814,-0.003435808436840547
209,27.033044348575753,-0.003435348347664396
210,27.03305698364059,-0.0034348859976484837
211,27.033069682177178,-0.003434421386878826
212,27.033082444183332,-0.003433954515442036
213,27.033095269656886,-0.0034334853834247013
214,27.03310815859565,-0.003433013990913934
215,27.03312111099744,-0.003432540337996893
216,27.033134126860034,-0.003432064424761485
217,27.03314720618124,-0.0034315862512953083
218,27.033160348958827,-0.003431105817686849
219,27.033173555190558,-0.003430623124024678
220,27.033186824874196,-0.0034301381703975863
221,27.033200158007496,-0.0034296509568947243
222,27.033213554588194,-0.003429161483605639
223,27.03322701461402,-0.003428669750620073
224,27.033240538082694,-0.0034281757580282325
225,27.03325412499193,-0.0034276795059204395
226,27.033267775339436,-0.003427180994387406
227,27.033281489122903,-0.0034266802235201352
228,27.03329526634001,-0.0034261771934100543
229,27.033309106988444,-0.00342567190414857
230,27.033323011065857,-0.003425164355827888
231,27.033336978569917,-0.0034246545485401214
232,27.03335100949827,-0.0034241424823778233
233,27.033365103848542,-0.0034236281574339528
234,27.03337926161837,-0.00342311157380165
235,27.033393482805373,-0.003422592731574445
236,27.033407767407166,-0.00342207163084594
237,27.033422115421338,-0.0034215482717103955
238,27.033436526845495,-0.003421022654262101
239,27.0334510016772,-0.003420494778595991
240,27.033465539914033,-0.0034199646448070014
241,27.033480141553568,-0.0034194322529902477
242,27.03349480659335,-0.003418897603241544
243,27.03350953503092,-0.0034183606956568044
244,27.033524326863823,-0.0034178215303322206
245,27.033539182089577,-0.003417280107364433
246,27.0335541007057,-0.003416736426850249
247,27.033569082709707,-0.0034161904888867917
248,27.03358412809908,-0.0034156422935717403
249,27.033599236871314,-0.003415091841002741
250,27.0336144090239,-0.0034145391312778244
251,27.033629644554296,-0.003413984164495434
252,27.033644943459976,-0.00341342694075416
253,27.033660305738373,-0.0034128674601532722
254,27.033675731386936,-0.0034123057227919943
255,27.0336912204031,-0.0034117417287698602
256,27.033706772784292,-0.003411175478186814
257,27.033722388527917,-0.0034106069711432618
258,27.033738067631393,-0.003410036207739391
259,27.033753810092108,-0.0034094631880762748
260,27.033769615907445,-0.0034088879122552095
261,27.033785485074787,-0.0034083103803774053
262,27.033801417591505,-0.0034077305925447007
263,27.033817413454944,-0.0034071485488592484
264,27.033833472662458,-0.0034065642494235126
265,27.03384959521139,-0.00340597769434005
266,27.03386578109907,-0.003405388883711926
267,27.033882030322815,-0.0034047978176423755
268,27.033898342879944,-0.0034042044962350536
269,27.033914718767754,-0.003403608919593908
270,27.033931157983538,-0.0034030110878231087
271,27.03394766052459,-0.003402411001027151
272,27.033964226388175,-0.0034018086593108144
273,27.033980855571563,-0.0034012040627793686
274,27.033997548072,-0.0034005972115383237
275,27.034014303886742,-0.0033999881056933383
276,27.034031123013023,-0.0033993767453506032
277,27.034048005448078,-0.0033987631306161815
278,27.034064951189116,-0.003398147261596983
279,27.034081960233348,-0.0033975291384000274
280,27.034099032577984,-0.003396908761132453
281,27.034116168220198,-0.0033962861299019946
282,27.034133367157192,-0.0033956612448163797
283,27.03415062938612,-0.0033950341059839836
284,27.034167954904152,-0.003394404713513241
285,27.034185343708444,-0.0033937730675130252
286,27.03420279579614,-0.0033931391680924188
287,27.03422031116437,-0.003392503015360895
288,27.034237889810267,-0.0033918646094280858
289,27.034255531730942,-0.0033912239504040875
290,27.034273236923504,-0.003390581038399282
291,27.034291005385054,-0.0033899358735243056
292,27.034308837112675,-0.0033892884558901727
293,27.034326732103448,-0.003388638785608068
294,27.034344690354448,-0.003387986862789505
295,27.034362711862737,-0.003387332687546438
296,27.03438079662536,-0.0033866762599910473
297,27.034398944639353,-0.0033860175802360106
298,27.034417155901764,-0.003385356648393815
299,27.034435430409612,-0.003384693464577598
300,27.03445376815991,-0.0033840280289008477
301,27.034472169149662,-0.0033833603414773223
302,27.034490633375867,-0.003382690402420956
303,27.034509160835505,-0.0033820182118462073
304,27.034527751525555,-0.0033813437698676247
305,27.03454640544299,-0.003380667076600102
306,27.03456512258477,-0.0033799881321588416
307,27.034583902947837,-0.0033793069366594808
308,27.034602746529142,-0.0033786234902177747
309,27.0346216533256,-0.003377937792949997
310,27.034640623334138,-0.0033772498449727386
311,27.03465965655168,-0.003376559646402454
312,27.034678752975115,-0.003375867197356309
313,27.03469791260134,-0.0033751724979517944
314,27.03471713542725,-0.003374475548306437
315,27.034736421449704,-0.0033737763485383733
316,27.03475577066559,-0.0033730748987657166
317,27.034775183071748,-0.0033723711991071794
318,27.034794658665025,-0.0033716652496816805
319,27.034814197442255,-0.003370957050608519
320,27.034833799400282,-0.003370246602006993
321,27.034853464535917,-0.0033695339039970414
322,27.034873192845968,-0.0033688189566988755
323,27.034892984327243,-0.003368101760232736
324,27.03491283897653,-0.003367382314719451
325,27.03493275679061,-0.0033666606202800765
326,27.034952737766265,-0.003365936677035851
327,27.034972781900244,-0.0033652104851086273
328,27.034992889189308,-0.003364482044620204
329,27.035013059630213,-0.0033637513556928206
330,27.03503329321968,-0.0033630184184491015
331,27.035053589954448,-0.003362283233011927
332,27.035073949831226,-0.0033615457995043903
333,27.03509437284673,-0.003360806118050064
334,27.035114858997645,-0.00336006418877279
335,27.035135408280674,-0.003359320011796462
336,27.035156020692497,-0.0033585735872456225
337,27.035176696229783,-0.003357824915244837
338,27.035197434889184,-0.003357073995919335
339,27.035218236667372,-0.0033563208293941734
340,27.035239101560986,-0.0033555654157949393
341,27.03526002956665,-0.0033548077552477567
342,27.035281020680994,-0.003354047847878797
343,27.035302074900635,-0.003353285693814596
344,27.035323192222183,-0.003352521293181769
345,27.035344372642236,-0.003351754646107547
346,27.03536561615737,-0.0033509857527195047
347,27.03538692276418,-0.003350214613145291
348,27.035408292459227,-0.003349441227512896
349,27.035429725239066,-0.003348665595950831
350,27.03545122110026,-0.0033478877185875093
351,27.035472780039342,-0.0033471075955521443
352,27.035494402052848,-0.0033463252269738007
353,27.0355160871373,-0.00334554061298224
354,27.03553783528921,-0.00334475375370717
355,27.035559646505092,-0.0033439646492787745
356,27.03558152078143,-0.0033431732998276524
357,27.03560345811472,-0.003342379705484383
358,27.03562545850144,-0.003341583866380186
359,27.03564752193805,-0.0033407857826463568
360,27.035669648421006,-0.0033399854544148857
361,27.03569183794676,-0.0033391828818175036
362,27.035714090511764,-0.0033383780649865
363,27.03573640611244,-0.0033375710040544947
364,27.035758784745205,-0.0033367616991545304
365,27.035781226406485,-0.0033359501504197048
366,27.035803731092663,-0.0033351363579836005
367,27.03582629880016,-0.003334320321979859
368,27.03584892952534,-0.0033335020425428667
369,27.03587162326458,-0.00333268151980693
370,27.03589438001425,-0.003331858753906836
371,27.0359171997707,-0.0033310337449775785
372,27.035940082530296,-0.003330206493154499
373,27.035963028289373,-0.003329376998573037
374,27.03598603704424,-0.0033285452613694886
375,27.036009108791237,-0.0033277112816799373
376,27.036032243526662,-0.0033268750596409367
377,27.036055441246834,-0.0033260365953893044
378,27.036078701948036,-0.003325195889062143
379,27.036102025626544,-0.0033243529407971217
380,27.036125412278636,-0.0033235077507319105
381,27.036148861900582,-0.0033226603190045696
382,27.036172374488636,-0.0033218106457533914
383,27.036195950039044,-0.00332095873111719
384,27.03621958854804,-0.003320104575234847
385,27.03624329001185,-0.003319248178245776
386,27.036267054426695,-0.003318389540289489
387,27.0362908817888,-0.003317528661505663
388,27.03631477209434,-0.0033166655420348527
389,27.03633872533952,-0.0033158001820173142
390,27.03636274152051,-0.003314932581594077
391,27.036386820633496,-0.0033140627409060782
392,27.036410962674644,-0.003313190660094533
393,27.036435167640096,-0.003312316339301464
394,27.036459435526005,-0.0033114397786687265
395,27.0364837663285,-0.003310560978338637
396,27.03650816004372,-0.003309679938453816
397,27.03653261666777,-0.003308796659157177
398,27.036557136196766,-0.003307911140592002
399,27.036581718626792,-0.0033070233829018817
400,27.036606363953958,-0.003306133386230445
401,27.036631072174327,-0.003305241150722001
402,27.036655843283985,-0.0033043466765208095
403,27.036680677278984,-0.0033034499637717885
404,27.036705574155373,-0.003302551012619891
405,27.036730533909218,-0.0033016498232103053
406,27.036755556536527,-0.003300746395688953
407,27.036780642033342,-0.0032998407302015807
408,27.036805790395675,-0.003298932826894412
409,27.036831001619532,-0.0032980226859141886
410,27.03685627570091,-0.0032971103074076074
411,27.03688161263579,-0.0032961956915219487
412,27.036907012420166,-0.0032952788384044995
413,27.036932475049994,-0.0032943597482032196
414,27.036958000521246,-0.0032934384210659908
415,27.03698358882987,-0.003292514857141255
416,27.037009239971802,-0.0032915890565777175
417,27.037034953942985,-0.003290661019524297
418,27.037060730739334,-0.0032897307461303123
419,27.037086570356774,-0.0032887982365452442
420,27.0371124727912,-0.0032878634909190366
421,27.03713843803852,-0.0032869265094018062
422,27.037164466094616,-0.003285987292144084
423,27.037190556955366,-0.0032850458392965705
424,27.037216710616637,-0.0032841021510105015
425,27.03724292707429,-0.0032831562274371656
426,27.037269206324176,-0.0032822080687281733
427,27.037295548362135,-0.003281257675035669
428,27.037321953183998,-0.0032803050465118277
429,27.03734842078559,-0.003279350183309378
430,27.03737495116272,-0.003278393085581118
431,27.0374015443112,-0.0032774337534802497
432,27.03742820022683,-0.0032764721871601987
433,27.03745491890538,-0.003275508386774915
434,27.037481700342642,-0.003274542352478328
435,27.037508544534372,-0.0032735740844250343
436,27.037535451476344,-0.003272603582769532
437,27.037562421164292,-0.0032716308476669503
438,27.037589453593963,-0.0032706558792725588
439,27.03761654876109,-0.003269678677741986
440,27.037643706661395,-0.0032686992432310966
441,27.037670927290584,-0.0032677175758961115
442,27.037698210644372,-0.00326673367589364
443,27.037725556718435,-0.0032657475433804477
444,27.03775296550848,-0.0032647591785135957
445,27.03778043701016,-0.003263768581450657
446,27.037807971219163,-0.003262775752349139
447,27.03783556813113,-0.0032617806913672843
448,27.037863227741724,-0.0032607833986632016
449,27.037890950046577,-0.0032597838743956124
450,27.037918735041323,-0.00325878211872335
451,27.037946582721577,-0.0032577781318057076
452,27.037974493082967,-0.003256771913802161
453,27.038002466121075,-0.0032557634648727025
454,27.038030501831503,-0.003254752785177236
455,27.03805860020984,-0.003253739874876279
456,27.038086761251652,-0.003252724734130684
457,27.038114984952514,-0.0032517073631012773
458,27.038143271307973,-0.0032506877619495654
459,27.038171620313594,-0.003249665930837002
460,27.038200031964895,-0.003248641869925723
461,27.038228506257415,-0.003247615579377842
462,27.03825704318668,-0.0032465870593557547
463,27.038285642748196,-0.003245556310022539
464,27.038314304937458,-0.0032445233315412567
465,27.038343029749974,-0.0032434881240752775
466,27.038371817181222,-0.0032424506877882686
467,27.038400667226668,-0.0032414110228445024
468,27.038429579881775,-0.0032403691294082717
469,27.038458555142018,-0.003239325007644041
470,27.038487593002824,-0.003238278657716951
471,27.03851669345965,-0.0032372300797919957
472,27.03854585650791,-0.003236179274034929
473,27.038575082143037,-0.003235126240611418
474,27.038604370360424,-0.0032340709796878173
475,27.03863372115548,-0.0032330134914304656
476,27.038663134523613,-0.0032319537760059375
477,27.038692610460185,-0.003230891833581504
478,27.038722148960577,-0.003229827664324351
479,27.03875175002016,-0.0032287612684021695
480,27.03878141363428,-0.0032276926459830087
481,27.038811139798288,-0.003226621797234988
482,27.03884092850751,-0.0032255487223267834
483,27.038870779757293,-0.0032244734214271027
484,27.03890069354295,-0.0032233958947050965
485,27.03893066985979,-0.003222316142330157
486,27.038960708703115,-0.0032212341644720717
487,27.038990810068206,-0.003220149961301106
488,27.039020973950358,-0.003219063532987286
489,27.03905120034484,-0.0032179748797014343
490,27.03908148924692,-0.0032168840016143364
491,27.03911184065185,-0.0032157908988973615
492,27.039142254554868,-0.0032146955717220877
493,27.039172730951222,-0.003213598020260305
494,27.039203269836147,-0.0032124982446840077
495,27.039233871204843,-0.0032113962451658182
496,27.03926453505253,-0.003210292021878383
497,27.039295261374406,-0.003209185574994787
498,27.039326050165663,-0.0032080769046883874
499,27.03935690142149,-0.0032069660111326984
500,27.039387815137044,-0.0032058528945018002
501,27.03941879130751,-0.003204737303247068
502,27.039449829465934,-0.003203618749439273
503,27.03948092822243,-0.003202496776568753
504,27.039512085265994,-0.003201370959787232
505,27.039543297366357,-0.0032002409062972985
506,27.03957456037584,-0.003199106255888451
507,27.03960586923118,-0.003197966681619868
508,27.039637217955413,-0.003196821890647392
509,27.03966859965967,-0.0031956716251952534
510,27.03970000654507,-0.0031945156636697713
511,27.03973142990454,-0.003193353821915508
512,27.039762860124696,-0.0031921859546112947
513,27.039794286687645,-0.00319101195680784
514,27.039825698172862,-0.0031898317656019366
515,27.039857082259033,-0.003188645361949707
516,27.03988842572592,-0.0031874527726158033
517,27.039919714456172,-0.0031862540722590003
518,27.039950933437193,-0.0031850493856518747
519,27.039982066763017,-0.0031838388900336306
520,27.0400130976361,-0.003182622817597
521,27.040044008369215,-0.0031814014581050005
522,27.040074780387297,-0.003180175161639031
523,27.04010539422926,-0.0031789443414769213
524,27.040135829549904,-0.0031777094770983547
525,27.04016606512171,-0.0031764711173189173
526,27.040196078836715,-0.003175229883550195
527,27.04022584770836,-0.003173986473185151
528,27.040255347873348,-0.00317274166310826
529,27.040284554593484,-0.003171496313329098
530,27.040313442257514,-0.0031702513707386197
531,27.040341984383016,-0.00316900787298622
532,27.040370153618216,-0.0031677669524781365
533,27.040397921743867,-0.0031665298404945992
534,27.040425259675068,-0.0031652978714263058
535,27.04045213746317,-0.0031640724871272808
536,27.04047852429755,-0.0031628552413858198
537,27.040504388507557,-0.0031616478045090914
538,27.0405296975643,-0.003160451968023848
539,27.040554418082497,-0.0031592696494900895
540,27.04057851582241,-0.0031581028974266043
541,27.040601955691614,-0.0031569538963494006
542,27.040624701746882,-0.0031558249719201435
543,27.04064671719606,-0.0031547185962035886
544,27.04066796439989,-0.003153637393035119
545,27.040688404873894,-0.0031525841434942355
546,27.040707999290227,-0.0031515617914860124
547,27.04072670747951,-0.0031505734494278884
548,27.040744488432747,-0.0031496224040408988
549,27.0407613003031,-0.0031487121222454483
550,27.040777100407823,-0.003147846257158755
551,27.040791845230085,-0.003147028654195239
552,27.04080549042085,-0.003146263357266985
553,27.04081799080071,-0.0031455546150849756
554,27.040829300361775,-0.0031449068875579627
555,27.04083937226953,-0.003144324852290647
556,27.040848158864684,-0.0031438134111782205
557,27.04085561166504,-0.0031433776970968856
558,27.040861681367367,-0.0031430230806898302
559,27.040866317849282,-0.0031427551772464663
560,27.040869470171078,-0.003142579853676468
561,27.0408710865776,-0.003142503235574601
562,27.040871114500142,-0.0031425317143770467
563,27.040869500558273,-0.0031426719546087858
564,27.04086619056174,-0.0031429309012194658
565,27.04086112951232,-0.003143315787007964
566,27.04085426160571,-0.0031438341401345683
567,27.040845530233362,-0.003144493791719658
568,27.0408348779844,-0.003145302883527515
569,27.040822246647476,-0.0031462698757350935
570,27.040807577212604,-0.003147403554784856
571,27.04079080987312,-0.0031487130413189136
572,27.040771884027475,-0.003150207798196665
573,27.04075073828116,-0.003151897638591919
574,27.04072731044858,-0.003153792734170394
575,27.040701537554924,-0.003155903623346183
576,27.040673355838027,-0.003158241219616201
577,27.040642700750304,-0.0031608168199711508
578,27.040609506960575,-0.0031636421133836123
579,27.040573708355986,-0.003166729189369867
580,27.040535238043873,-0.003170090546627398
581,27.040494028353663,-0.0031737391017442377
582,27.040450010838764,-0.003177688197981721
583,27.040403116278437,-0.0031819516141280723
584,27.0403532746797,-0.0031865435734225174
585,27.0403004152792,-0.003191478752549084
586,27.040244466545143,-0.0031967722906982017
587,27.040185356179144,-0.0032024397986972902
588,27.04012301111814,-0.003208497368206548
589,27.04005735753631,-0.0032149615809813395
590,27.039988320846927,-0.0032218495181991075
591,27.039915825704302,-0.003229178769850097
592,27.03983979600566,-0.003236967444191132
593,27.03976015489302,-0.003245234177261622
594,27.03967682475517,-0.003253998142459293
595,27.0395897272295,-0.0032632790601779278
596,27.039498783203943,-0.0032730972075029102
597,27.039403912818887,-0.003283473427965113
598,27.039305035469066,-0.0032944291413527856
599,27.03920206980549,-0.0033059863535790596
600,27.03909493373733,-0.0033181676666052106
601,27.03898354443388,-0.003330996288418011
602,27.038867818326427,-0.003344496043060871
603,27.0387476711102,-0.0033586913807178093
604,27.038623017746286,-0.0033736073878483665
605,27.038493772463536,-0.0033892697973738044
606,27.038359848760496,-0.0034057049989129184
607,27.038221159407353,-0.003422940049066439
608,27.038077616447833,-0.0034410026817494974
609,27.03792913120116,-0.0034599213185709464
610,27.037775614263946,-0.0034797250792589296
611,27.037616975512183,-0.003500443792130833
612,27.037453124103116,-0.0035221080046082833
613,27.03728396847724,-0.0035447489937741467
614,27.03710941636018,-0.0035683987769731425
615,27.036929374764696,-0.003593090122452165
616,27.036743749992578,-0.0036188565600421283
617,27.036552447636605,-0.0036457323918788307
618,27.036355372582513,-0.003673752703161918
619,27.03615242901092,-0.003702953372951925
620,27.035943520399293,-0.003733371085002943
621,27.035728549523903,-0.0037650433386321475
622,27.03550741846177,-0.0037980084596228487
623,27.03528002859265,-0.00383230561116145
624,27.035046280600962,-0.0038679748048078013
625,27.034806074477764,-0.0039050569114968156
626,27.034559309522763,-0.003943593672570345
627,27.0343058843462,-0.003983627710840325
628,27.034045696870898,-0.004025202541679667
629,27.033778644334205,-0.004068362584141343
630,27.03350462328997,-0.004113153172105152
631,27.033223529610535,-0.004159620565449456
632,27.032935258488685,-0.004207811961249319
633,27.032639704439674,-0.004257775504997475
634,27.032336761303213,-0.004309560301849008
635,27.03202632224541,-0.004363216427888848
636,27.03170827976081,-0.004418794941419746
637,27.03138252567438,-0.00447634789427038
638,27.031048951143504,-0.004535928343123773
639,27.030707446659964,-0.004597590360863441
640,27.03035790205199,-0.004661389047936439
641,27.03000020648624,-0.004727380543733738
642,27.029634248469794,-0.004795622037986084
643,27.0292599158522,-0.004866171782173306
644,27.02887709582748,-0.004939089100948215
645,27.02848567493612,-0.005014434403572679
646,27.028085539067135,-0.0050922691953652075
647,27.027676573460077,-0.005172656089158981
648,27.02725866270706,-0.005255658816769795
649,27.026831690754772,-0.005341342240473015
650,27.026395540906556,-0.005429772364487179
651,27.02595009582442,-0.005521016346465059
652,27.02549523753107,-0.005615142508990262
653,27.025030847411966,-0.005712220351078725
654,27.024556806217387,-0.0058123205596832764
655,27.02407299406444,-0.0059155150212021924
656,27.02357929043914,-0.006021876832988186
657,27.023075574198483,-0.006131480314858958
658,27.022561723572483,-0.00624440102060735
659,27.022037616166227,-0.006360715749510654
660,27.02150312896199,-0.006480502557836633
661,27.02095813832126,-0.006603840770348003
662,27.020402519986806,-0.006730810991801648
663,27.01983614908484,-0.0068614951184421446
664,27.019258900126978,-0.006995976349491204
665,27.018670647012424,-0.007134339198627327
666,27.018071263030023,-0.007276669505459152
667,27.01746062086034,-0.007423054446989513
668,27.016838592577788,-0.007573582549067824
669,27.01620504965269,-0.007728343697833452
670,27.015559862953452,-0.007887429151144619
671,27.014902902748577,-0.008050931549996391
672,27.01423403870887,-0.00821894492992258
673,27.013553139909487,-0.008391564732383663
674,27.012860074832094,-0.00856888781613753
675,27.01215471136697,-0.00875101246859415
676,27.01143691681515,-0.008938038417150806
677,27.01070655789055,-0.009130066840508608
678,27.009963500722108,-0.009327200379968722
679,27.009207610855913,-0.009529543150707592
680,27.008438753257373,-0.00973720075302881
681,27.007656792313345,-0.00995028028359261
682,27.006861591834287,-0.01016889034662099
683,27.00605301505642,-0.010393141065076696
684,27.005230924643907,-0.010623144091816047
685,27.004395182690992,-0.010859012620714826
686,27.003545650724178,-0.011100861397765201
687,27.002682189704412,-0.011348806732142997
688,27.001804660029254,-0.011602966507244624
689,27.000912921535058,-0.01186346019169269
690,27.000006833499175,-0.0121304088503082
691,26.999086254642137,-0.012403935155049919
692,26.998151043129855,-0.012684163395918331
693,26.997201056575804,-0.012971219491824771
694,26.996236152043245,-0.01326523100142273
695,26.995256186047442,-0.01356632713390165
696,26.994261014557868,-0.013874638759742293
697,26.993250493000435,-0.014190298421431302
698,26.99222447625968,-0.014513440344136251
699,26.991182818681065,-0.014844200446336438
700,26.990125374073138,-0.015182716350413008
701,26.989051995709815,-0.015529127393193351
702,26.98796253633262,-0.015883574636450508
703,26.986856848152907,-0.016246200877357234
704,26.985734782854152,-0.016617150658891387
705,26.98459619159418,-0.01699657028019424
706,26.983440925007447,-0.017384607806878515
707,26.982268833207293,-0.01778141308128649
708,26.98107976578824,-0.018187137732695906
709,26.97987357182824,-0.018601935187474123
710,26.978650099890977,-0.01902596067917787
711,26.97740919802815,-0.019459371258598604
712,26.97615071378177,-0.019902325803751994
713,26.974874494186444,-0.02035498502981076
714,26.97358038577171,-0.02081751149897889
715,26.972268234564318,-0.02129006963030771
716,26.970937886090553,-0.021772825709451153
717,26.969589185378556,-0.022265947898360294
718,26.968221976960645,-0.022769606244915794
719,26.966836104875647,-0.02328397269249631
720,26.965431412671236,-0.023809221089483194
721,26.96400774340629,-0.02434552719869937
722,26.962564939653195,-0.02489306870678219
723,26.961102843500225,-0.02545202523348796
724,26.95962129655391,-0.026022578340928124
725,26.958120139941368,-0.02660491154273561
726,26.956599214312696,-0.02719921031316063
727,26.95505835984334,-0.027805662096093774
728,26.953497416236473,-0.02842445631401678
729,26.951916222725384,-0.02905578437687892
730,26.950314618075854,-0.02969983969089828
731,26.948692440588548,-0.03035681766728668
732,26.947049528101463,-0.03102691573089693
733,26.94538571799228,-0.031710333328792174
734,26.943700847180807,-0.0324072719387353
735,26.941994752131396,-0.033117935077597895
736,26.94026726885535,-0.03384252830968736
737,26.93851823291338,-0.0345812592549912
738,26.936747479418027,-0.03533433759733735
739,26.934954843036103,-0.036101975092469776
740,26.933140157991144,-0.0368843855760375
741,26.931303258065874,-0.03768178497149695
742,26.929443976604627,-0.038494391297926145
743,26.927562146515857,-0.03932242467774835
744,26.925657600274608,-0.04016610734436635
745,26.923730169924955,-0.041025663649705404
746,26.921779687082527,-0.041901320071662404
747,26.919805982936968,-0.04279330522146228
748,26.91780888825445,-0.04370184985091919
749,26.91578823338019,-0.04462718685960127
750,26.9137438482409,-0.04556955130189986
751,26.911675562347398,-0.04652918039399836
752,26.909583204797034,-0.04750631352074425
753,26.907466604276266,-0.04850119224241905
754,26.90532558906319,-0.04951406030140762
755,26.903159987030072,-0.05054516362876481
756,26.9009696256459,-0.05159475035067863
757,26.898754331978925,-0.05266307079482865
758,26.89651393269925,-0.053750377496638246
759,26.89424825408135,-0.05485692520542101
760,26.89195712200666,-0.0559829708904183
761,26.889640361966183,-0.057128773746727486
762,26.887297799063038,-0.058294595201121
763,26.884929258015063,-0.05948069891775374
764,26.882534563157417,-0.06068735080375771
765,26.88011353844519,-0.06191481901472382
766,26.877666007455975,-0.0631633739600693
767,26.87519179339253,-0.06443328830828875
768,26.87269071908539,-0.0657248369920891
769,26.870162606995475,-0.06703829721340683
770,26.86760727921674,-0.06837394844830612
771,26.865024557478847,-0.06973207245175694
772,26.862414263149763,-0.07111295326229267
773,26.859776217238444,-0.07251687720654501
774,26.857110240397496,-0.0739441329036563
775,26.854416152925854,-0.07539501126956677
776,26.851693774771448,-0.07686980552117731
777,26.848942925533866,-0.07836881118038551
778,26.846163424467086,-0.07989232607799412
779,26.843355090482145,-0.0814406503574908
780,26.840517742149846,-0.08301408647869869
781,26.837651197703476,-0.08461293922129594
782,26.834755275041516,-0.0862375156882036
783,26.831829791730375,-0.08788812530884059
784,26.828874565007105,-0.08956507984224486
785,26.825889411782146,-0.0912686933800597
786,26.82287414864208,-0.09299928234938372
787,26.819828591852357,-0.09475716551548376
788,26.816752557360097,-0.09654266398437014
789,26.81364586079681,-0.09835610120523197
790,26.81050831748121,-0.10019780297273284
791,26.80733974242193,-0.10206809742916538
792,26.804139950320394,-0.10396731506646215
793,26.800908755573552,-0.10589578872806471
794,26.79764597227669,-0.10785385361064773
795,26.79435141422624,-0.109841847265697
796,26.791024894922614,-0.11186010960094184
797,26.787666227573002,-0.11390898288163921
798,26.784275225094206,-0.11598881173170991
799,26.78085170011548,-0.11809994313472462
800,26.777395464981364,-0.12024272643473988
801,26.77390633175455,-0.12241751333698135
802,26.770384112218725,-0.12462465790837585
803,26.76682861788145,-0.12686451657792838
804,26.763239659977014,-0.12913744813694567
805,26.759617049469316,-0.13144381373910263
806,26.75596059705476,-0.13378397690035307
807,26.752270113165153,-0.1361583034986827
808,26.748545407970585,-0.13856716177370249
809,26.744786291382358,-0.14101092232608367
810,26.740992573055873,-0.14348995811683066
811,26.737164062393592,-0.14600464446639302
812,26.733300568547932,-0.14855535905361503
813,26.729401900424214,-0.15114248191452062
814,26.72546786668361,-0.15376639544093446
815,26.7214982757461,-0.15642748437893703
816,26.71749293579341,-0.15912613582715343
817,26.713451654771998,-0.16186273923487443
818,26.70937424039602,-0.16463768640000856
819,26.705260500150303,-0.16745137146686612
820,26.70111024129335,-0.17030419092377097
821,26.696923270860314,-0.17319654360050235
822,26.692699395666015,-0.17612883066556395
823,26.688438422307954,-0.17910145562327906
824,26.684140157169317,-0.1821148243107131
825,26.679804406422,-0.18516934489441964
826,26.675430976029663,-0.1882654278670107
827,26.671019671750738,-0.1914034860435509
828,26.666570299141497,-0.194583934557773
829,26.662082663559097,-0.1978071908581147
830,26.657556570164648,-0.20107367470357645
831,26.652991823926275,-0.2043838081593976
832,26.648388229622206,-0.20773801559255262
833,26.64374559184384,-0.21113672366706374
834,26.639063714998848,-0.21458036133913103
835,26.63434240331429,-0.2180693598520781
836,26.62958146083967,-0.2216041527311133
837,26.624780691450116,-0.2251851757779048
838,26.619939898849445,-0.22881286706496948
839,26.615058886573312,-0.23248766692987374
840,26.610137457992366,-0.23621001796924593
841,26.605175416315355,-0.2399803650326011
842,26.60017256459232,-0.24379915521597367
843,26.595128705717705,-0.24766683785536078
844,26.590043642433592,-0.25158386451997367
845,26.584917177332787,-0.2555506890052964
846,26.579749112862068,-0.25956776732595205
847,26.574539251325344,-0.26363555770837377
848,26.569287394886867,-0.2677545205832825
849,26.563993345574424,-0.27192511857796753
850,26.558656905282547,-0.2761478165083725
851,26.55327787577574,-0.28042308137098293
852,26.5478560586917,-0.2847513823345165
853,26.54239125554455,-0.2891331907314148
854,26.536883267728072,-0.2935689800491355
855,26.531331896518978,-0.2980592259212447
856,26.525736943080137,-0.30260440611830824
857,26.520098208463853,-0.30720500053858246
858,26.51441549361516,-0.3118614911985006
859,26.50868859937505,-0.31657436222295937
860,26.502917326483782,-0.32134409983539935
861,26.497101475584202,-0.32617119234768205
862,26.491240847224997,-0.3310561301497629
863,26.485335241864032,-0.33599940569915715
864,26.479384459871664,-0.34100151351020047
865,26.473388301534044,-0.34606295014310284
866,26.467346567056467,-0.351184214192794
867,26.46125905656673,-0.35636580627756115
868,26.455125570118415,-0.36160822902747863
869,26.44894590769431,-0.36691198707262745
870,26.442719869209714,-0.3722775870311049
871,26.43644725451584,-0.3777055374968237
872,26.43012786340319,-0.38319634902709976
873,26.4237614956049,-0.38875053413002947
874,26.41734795080017,-0.39436860725165274
875,26.410887028617662,-0.4000510847629047
876,26.404378528638865,-0.4057984849463537
877,26.39782225040154,-0.4116113279827252
878,26.391217993403124,-0.41749013593721157
879,26.384565557104175,-0.4234354327455665
880,26.37786474093178,-0.4294477441999845
881,26.371115344283016,-0.4355275979347647
882,26.364317166528398,-0.441675523411757
883,26.357470007015312,-0.4478920519055935
884,26.35057366507151,-0.4541777164887005
885,26.343627940008567,-0.4605330520160941
886,26.336632631125337,-0.46695859510995763
887,26.329587537711472,-0.4734548841439995
888,26.322492459050896,-0.4800224592275931
889,26.31534719442532,-0.48666186218969704
890,26.308151543117724,-0.4933736365625554
891,26.30090530441588,-0.5001583275651776
892,26.293608277615895,-0.5070164820865992
893,26.286260262025692,-0.5139486486689196
894,26.278861056968623,-0.5209553774901206
895,26.271410461786907,-0.5280372203466617
896,26.26390827584526,-0.535194730635856
897,26.256354298534443,-0.5424284633380209
898,26.248748329274793,-0.5497389749984085
899,26.241090167519808,-0.5571268237089135
900,26.233379612759737,-0.5645925690895564
901,26.225616464525157,-0.5721367722697447
902,26.217800522390572,-0.5797599958693108
903,26.209931585977984,-0.5874628039793264
904,26.20200945496054,-0.5952457621426913
905,26.194033929066116,-0.6031094373345006
906,26.18600480808096,-0.6110543979421856
907,26.17792189185329,-0.6190812137454321
908,26.169784980296946,-0.6271904558958726
909,26.161593873395052,-0.6353826968965539
910,26.153348371203617,-0.6436585105811815
911,26.145048273855213,-0.6520184720931371
912,26.136693381562665,-0.6604631578642719
913,26.128283494622675,-0.6689931455934751
914,26.119818413419505,-0.6776090142250165
915,26.11129793842869,-0.6863113439266639
916,26.102721870220698,-0.6951007160675761
917,26.094090009464626,-0.7039777131959692
918,26.085402156931913,-0.7129429190165589
919,26.076658113500063,-0.7219969183677757
920,26.067857680156322,-0.7311402971987572
921,26.059000658001438,-0.7403736425461127
922,26.050086848253375,-0.7496975425104642
923,26.04111605225105,-0.7591125862327616
924,26.032088071458052,-0.7686193638703722
925,26.023002707466436,-0.7782184665729468
926,26.013859762000447,-0.7879104864580588
927,26.004659036920287,-0.7976960165866206
928,25.99540033422591,-0.807575650938073
929,25.986083456060737,-0.8175499843853532
930,25.97670820471549,-0.8276196126696351
931,25.967274382631974,-0.8377851323748488
932,25.95778179240685,-0.848047140901972
933,25.948230236795442,-0.8584062364431029
934,25.93861951871556,-0.8688630179553053
935,25.92894944125129,-0.8794180851342324
936,25.919219807656834,-0.8900720383875276
937,25.909430421360316,-0.9008254788080027
938,25.899581085967625,-0.9116790081465913
939,25.88967160526627,-0.922633228785086
940,25.879701783229166,-0.9336887437086474
941,25.869671424018556,-0.9448461564780951
942,25.859580331989832,-0.9561060712019782
943,25.849428311695387,-0.9674690925084225
944,25.83921516788851,-0.9789358255167615
945,25.828940705527234,-0.9905068758089437
946,25.81860472977823,-1.0021828494007234
947,25.808207046020712,-1.01396435271263
948,25.797747459850292,-1.0258519925407226
949,25.787225777082895,-1.0378463760271226
950,25.776641803758665,-1.0499481106303334
951,25.76599534614587,-1.062157804095338
952,25.75528621074483,-1.0744760644234859
953,25.744514204291814,-1.0869034998421598
954,25.733679133762998,-1.0994407187742283
955,25.722780806378363,-1.1120883298072877
956,25.71181902960565,-1.1248469416626847
957,25.700793611164322,-1.1377171631643275
958,25.68970435902947,-1.1506996032072867
959,25.678551081435806,-1.163794870726182
960,25.667333586881607,-1.177003574663357
961,25.65605168413269,-1.1903263239368458
962,25.644705182226343,-1.2037637274081288
963,25.633293890475375,-1.2173163938496785
964,25.62181761847202,-1.2309849319122983
965,25.610276176091986,-1.2447699500922547
966,25.598669373498407,-1.2586720566981995
967,25.58699702114585,-1.2726918598178902
968,25.575258929784336,-1.2868299672847032
969,25.563454910463307,-1.3010869866439427
970,25.55158477453568,-1.3154635251189484
971,25.53964833366184,-1.3299601895769984
972,25.527645399813686,-1.344577586495013
973,25.51557578527862,-1.3593163219250561
974,25.50343930266362,-1.3741770014596393
975,25.491235764899233,-1.3891602301968264
976,25.47896498524366,-1.4042666127051397
977,25.466626777286784,-1.4194967529882716
978,25.454220954954227,-1.4348512544495993
979,25.441747332511397,-1.4503307198565072
980,25.429205724567556,-1.4659357513045144
981,25.416595946079863,-1.4816669501812105
982,25.403917812357477,-1.4975249171300014
983,25.391171139065634,-1.5135102520136632
984,25.37835574222966,-1.529623553877711
985,25.365471438239172,-1.5458654209135758
986,25.35251804385204,-1.5622364504216015
987,25.33949537619854,-1.5787372387738483
988,25.32640325278547,-1.5953683813767212
989,25.313241491500218,-1.6121304726334105
990,25.30000991061486,-1.6290241059061528
991,25.286708328790297,-1.6460498734783127
992,25.273336565080346,-1.6632083665162871
993,25.25989443893585,-1.6805001750312272
994,25.246381770208828,-1.6979258878405927
995,25.23279837915659,-1.7154860925295252
996,25.219144086445837,-1.7331813754120522
997,25.205418713156828,-1.7510123214921187
998,25.19162208078749,-1.7689795144244476
999,25.177754011257583,-1.7870835364752347
1000,25.163814326912828,-1.8053249684826747
1001,25.149802850529046,-1.8237043898173209
1002,25.135719405316316,-1.8422223783422818
1003,25.121563814923153,-1.8608795103732592
1004,25.10733590344062,-1.8796763606384193
1005,25.093035495406514,-1.8986135022381083
1006,25.07866241580953,-1.9176915066044116
1007,25.064216490093433,-1.9369109434605536
1008,25.049697544161212,-1.956272380780148
1009,25.035105404379273,-1.9757763847462912
1010,25.020439897581596,-1.9954235197105095
1011,25.005700851073925,-2.015214348151553
1012,24.990888092637956,-2.0351494306340467
1013,24.97600145053552,-2.055229325766994
1014,24.96104075351276,-2.0754545901621357
1015,24.94600583080433,-2.0958257783921703
1016,24.930896512137593,-2.116343442948832
1017,24.915712627736834,-2.137008134200834
1018,24.900454008327404,-2.15782040035167
1019,24.885120485139986,-2.1787807873972893
1020,24.869711889914786,-2.199889839083632
1021,24.854228054905693,-2.2211480968640425
1022,24.838668812884556,-2.242556099856546
1023,24.82303399714534,-2.264114384801007
1024,24.80732344150838,-2.285823486016155
1025,24.791536980324576,-2.307683935356502
1026,24.775674448479617,-2.3296962621691195
1027,24.759735681398197,-2.3518609932503214
1028,24.743720515048256,-2.3741786528022115
1029,24.727628785945186,-2.396649762389128
1030,24.711460331156072,-2.4192748408939733
1031,24.695214988303906,-2.442054404474436
1032,24.678892595571835,-2.4649889665191056
1033,24.66249299170737,-2.488079037603482
1034,24.64601601602665,-2.511325125445882
1035,24.629461508418657,-2.534727734863246
1036,24.612829309349458,-2.5582873677268494
1037,24.596119259866455,-2.582004522917915
1038,24.57933120160259,-2.6058796962831328
1039,24.562464976780632,-2.629913380590091
1040,24.545520428217408,-2.654106065482618
1041,24.528497399328014,-2.678458237436034
1042,24.511395734130122,-2.7029703797123275
1043,24.49421527724815,-2.7276429723152438
1044,24.47695587391758,-2.7524764919452966
1045,24.459617369989168,-2.7774714119547035
1046,24.442199611933212,-2.8026282023022513
1047,24.424702446843778,-2.827947329508083
1048,24.40712572244298,-2.8534292566084254
1049,24.389469287085216,-2.879074443110241
1050,24.371732989761426,-2.904883344945825
1051,24.35391668010334,-2.930856414427338
1052,24.336020208387737,-2.9569941002012796
1053,24.318043425540704,-2.9832968472029076
1054,24.299986183141876,-3.0097650966106073
1055,24.281848333428712,-3.036399285800208
1056,24.26362972930072,-3.06319984829925
1057,24.24533022432375,-3.0901672137412155
1058,24.22694967273423,-3.117301807819706
1059,24.208487929443404,-3.1446040522425935
1060,24.18994485004163,-3.172074364686125
1061,24.171320290802605,-3.1997131587490006
1062,24.15261410868761,-3.2275208439064187
1063,24.13382616134982,-3.255497825464093
1064,24.11495630713849,-3.28364450451225
1065,24.096004405103262,-3.311961277879594
1066,24.0769703149984,-3.3404485380872693
1067,24.057853897287025,-3.3691066733027895
1068,24.03865501314542,-3.3979360672939687
1069,24.019373524467234,-3.426937099382834
1070,24.00000929386773,-3.4561101443995375
1071,23.980562184688093,-3.4854555726362553
1072,23.961032060999628,-3.5149737498010976
1073,23.941418787608022,-3.5446650369720163
1074,23.921722230057608,-3.5745297905507125
1075,23.901942254635596,-3.6045683622165647
1076,23.882078728376325,-3.634781098880557
1077,23.862131519065517,-3.665168342639232
1078,23.8421004952445,-3.695730430728656
1079,23.821985526214483,-3.7264676954784073
1080,23.801786482040754,-3.75738046426559
1081,23.781503233556958,-3.788469059468877
1082,23.761135652369326,-3.8197337984225785
1083,23.740683610860916,-3.8511749933707526
1084,23.720146982195814,-3.882792951421351
1085,23.699525640323408,-3.9145879745003986
1086,23.678819459982616,-3.9465603593062317
1087,23.65802831670608,-3.9787103972637743
1088,23.637152086824457,-4.011038374478862
1089,23.61619064747057,-4.043544571692636
1090,23.595143876583705,-4.076229264235973
1091,23.574011652913757,-4.109092721984001
1092,23.552793856025538,-4.14213520931066
1093,23.531490366302897,-4.175356985043341
1094,23.510101064953027,-4.208758302417593
1095,23.48862583401059,-4.242339409031906
1096,23.46706455634203,-4.276100546802584
1097,23.445417115649665,-4.310041951918672
1098,23.42368339647598,-4.344163854797001
1099,23.40186328420779,-4.378466480037301
1100,23.379956665080446,-4.41295004637742
1101,23.357963426182042,-4.447614766648626
1102,23.33588345545759,-4.4824608477310255
1103,23.313716641713217,-4.517488490509072
1104,23.291462874620365,-4.552697889827187
1105,23.269122044719953,-4.588089234445499
1106,23.24669404342659,-4.6236627069956775
1107,23.22417876303273,-4.659418483936916
1108,23.201576096712838,-4.695356735512006
1109,23.178885938527586,-4.7314776257035565
1110,23.156108183428003,-4.767781312190338
1111,23.133242727259642,-4.8042679463037565
1112,23.110289466766762,-4.84093767298447
1113,23.087248299596457,-4.877790630739143
1114,23.064119124302824,-4.91482695159734
1115,23.040901840351115,-4.952046761068583
1116,23.017596348121852,-4.9894501780995455
1117,22.994202548915023,-5.027037315031412
1118,22.970720344954177,-5.064808277557386
1119,22.947149639390577,-5.102763164680383
1120,22.92349033630732,-5.140902068670865
1121,22.899742340723478,-5.17922507502487
1122,22.875905558598205,-5.217732262422198
1123,22.85197989683486,-5.256423702684787
1124,22.827965263285108,-5.295299460735274
1125,22.803861566753053,-5.334359594555734
1126,22.77966871699932,-5.373604155146614
1127,22.755386624745178,-5.413033186485865
1128,22.731015201676602,-5.452646725488274
1129,22.706554360448397,-5.492444801964982
1130,22.682004014688253,-5.532427438583239
1131,22.657364079000853,-5.572594650826343
1132,22.632634468971936,-5.612946446953802
1133,22.60781510117236,-5.653482827961722
1134,22.582905893162195,-5.694203787543409
1135,22.557906763494756,-5.735109312050199
1136,22.53281763172069,-5.776199380452523
1137,22.507638418391963,-5.817473964301203
1138,22.482369045065994,-5.8589330276889875
1139,22.457009434309644,-5.900576527212329
1140,22.43155950970325,-5.942404411933412
1141,22.406019195844685,-5.984416623342427
1142,22.380388418353345,-6.026613095320102
1143,22.3546671038742,-6.068993754100495
1144,22.3288551800818,-6.111558518234043
1145,22.302952575684277,-6.154307298550887
1146,22.27695922042734,-6.19723999812446
1147,22.250875045098315,-6.240356512235354
1148,22.224699981530083,-6.283656728335469
1149,22.198433962605097,-6.327140526012442
1150,22.17207692225935,-6.3708077769543605
1151,22.14562879548637,-6.414658344914776
1152,22.119089518341173,-6.4586920856780035
1153,22.09245902794423,-6.502908847024735
1154,22.06573726248542,-6.547308468697934
1155,22.038924161227985,-6.591890782369063
1156,22.012019664512486,-6.636655611604609
1157,21.985023713760736,-6.6816027718329245
1158,21.95793625147972,-6.726732070311394
1159,21.93075722126554,-6.772043306093933
1160,21.90348656780734,-6.817536269998787
1161,21.876124236891215,-6.863210744576698
1162,21.848670175404106,-6.909066504079383
1163,21.821124331337728,-6.955103314428366
1164,21.793486653792467,-7.001320933184155
1165,21.765757092981243,-7.04771910951575
1166,21.73793560023343,-7.094297584170538
1167,21.71002212799871,-7.141056089444508
1168,21.682016629850956,-7.187994349152854
1169,21.65391906049211,-7.23511207860093
1170,21.62572937575603,-7.282408984555585
1171,21.59744753261233,-7.329884765216857
1172,21.56907348917025,-7.377539110190064
1173,21.54060720468251,-7.425371700458246
1174,21.512048639549096,-7.473382208355042
1175,21.483397755321146,-7.521570297537897
1176,21.45465451470473,-7.569935622961712
1177,21.425818881564698,-7.6184778308528704
1178,21.396890820928462,-7.667196558683665
1179,21.367870298989825,-7.716091435147135
1180,21.338757283112763,-7.76516208013232
1181,21.309551741835218,-7.814408104699914
1182,21.280253644872886,-7.863829111058349
1183,21.250862963123005,-7.913424692540295
1184,21.221379668668117,-7.963194433579594
1185,21.191803734779842,-8.0131379096886
1186,21.16213513592262,-8.063254687435991
1187,21.13237384775749,-8.113544324424995
1188,21.102519847145818,-8.164006369272045
1189,21.07257311215307,-8.214640361585916
1190,21.04253362205251,-8.265445831947288
1191,21.012401357328937,-8.316422301888759
1192,20.982176299682454,-8.367569283875332
1193,20.951858432032118,-8.418886281285344
1194,20.921447738519706,-8.4703727883919
1195,20.890944204513403,-8.522028290344705
1196,20.860347816611487,-8.573852263152448
1197,20.829658562646046,-8.625844173665612
1198,20.798876431686676,-8.67800347955978
1199,20.76800141404413,-8.73032962931943
1200,20.73703350127401,-8.7828220622222
1201,20.705972686180466,-8.83548020832368
1202,20.674818962819845,-8.888303488442666
1203,20.643572326504323,-8.941291314146918
1204,20.61223277380562,-8.994443087739452
1205,20.580800302558607,-9.047758202245287
1206,20.54927491186496,-9.101236041398765
1207,20.517656602096828,-9.15487597963132
1208,20.485945374900446,-9.208677382059824
1209,20.454141233199753,-9.262639604475405
1210,20.422244181200064,-9.31676199333283
1211,20.390254224391654,-9.371043885740393
1212,20.358171369553393,-9.425484609450342
1213,20.32599562475634,-9.480083482849839
1214,20.2937269993674,-9.53483981495247
1215,20.26136550405288,-9.589752905390277
1216,20.2289111507821,-9.644822044406368
1217,20.196363952831014,-9.700046512848038
1218,20.163723924785803,-9.755425582160475
1219,20.130991082546437,-9.810958514381
1220,20.098165443330284,-9.866644562133894
1221,20.06524702567568,-9.922482968625753
1222,20.032235849445534,-9.978472967641443
1223,19.99913193583089,-10.034613783540596
1224,19.965935307354492,-10.090904631254702
1225,19.93264598787439,-10.14734471628477
1226,19.899264002587472,-10.203933234699551
1227,19.86578937803307,-10.260669373134379
1228,19.832222142096512,-10.317552308790557
1229,19.798562324012664,-10.374581209435373
1230,19.764809954369515,-10.431755233402678
1231,19.73096506511176,-10.489073529594053
1232,19.69702768954433,-10.546535237480619
1233,19.662997862335967,-10.604139487105398
1234,19.628875619522773,-10.6618853990863
1235,19.59466099851179,-10.719772084619722
1236,19.560354038084544,-10.777798645484744
1237,19.525954778400603,-10.835964174047936
1238,19.491463261001158,-10.894267753268814
1239,19.456879528812557,-10.952708456705846
1240,19.4222036261499,-11.011285348523163
1241,19.387435598720586,-11.06999748349782
1242,19.352575493627857,-11.12884390702773
1243,19.31762335937441,-11.187823655140201
1244,19.28257924586594,-11.24693575450113
1245,19.247443204414733,-11.306179222424793
1246,19.212215287743213,-11.365553066884313
1247,19.176895549987556,-11.425056286522741
1248,19.141484046701233,-11.484687870664784
1249,19.105980834858656,-11.54444679932918
1250,19.07038597285872,-11.604332043241715
1251,19.034699520528417,-11.6643425638489
1252,18.99892153912644,-11.724477313332278
1253,18.96305209134681,-11.784735234623396
1254,18.927091241322465,-11.845115261419451
1255,18.8910390546289,-11.905616318199549
1256,18.85489559828778,-11.96623732024166
1257,18.818660940770606,-12.026977173640233
1258,18.782335152002318,-12.087834775324446
1259,18.745918303365002,-12.148809013077155
1260,18.70941046770152,-12.209898765554495
1261,18.67281171931918,-12.271102902306138
1262,18.636122133993435,-12.33242028379626
1263,18.59934178897159,-12.393849761425125
1264,18.562470762976467,-12.455390177551406
1265,18.525509136210175,-12.517040365515129
1266,18.488456990357804,-12.578799149661329
1267,18.451314408591184,-12.64066534536438
1268,18.414081475572644,-12.70263775905298
1269,18.37675827745877,-12.764715188235858
1270,18.33934490190423,-12.826896421528142
1271,18.301841438065548,-12.889180238678412
1272,18.264247976604924,-12.951565410596446
1273,18.226564609694087,-13.014050699381666
1274,18.188791431018156,-13.076634858352234
1275,18.1509285357795,-13.139316632074898
1276,18.112976020701655,-13.202094756395462
1277,18.07493398403321,-13.264967958470018
1278,18.03680252555178,-13.327934956796812
1279,17.998581746567936,-13.39099446124884
1280,17.96027174992922,-13.454145173107134
1281,17.921872640024116,-13.517385785094739
1282,17.88338452278611,-13.580714981411383
1283,17.84480750569774,-13.644131437768863
1284,17.806141697794697,-13.707633821427104
1285,17.7673872096699,-13.77122079123095
1286,17.72854415347767,-13.834890997647625
1287,17.68961264293791,-13.898643082804913
1288,17.650592793340273,-13.96247568053003
1289,17.61148472154843,-14.026387416389197
1290,17.57228854600432,-14.09037690772794
1291,17.53300438673246,-14.154442763712042
1292,17.493632365344304,-14.218583585369249
1293,17.45417260504259,-14.282797965631651
1294,17.414625230625756,-14.347084489378764
1295,17.374990368492405,-14.411441733481327
1296,17.335268146645806,-14.475868266845806
1297,17.295458694698404,-14.54036265045958
1298,17.255562143876446,-14.60492343743685
1299,17.215578627024563,-14.669549173065235
1300,17.175508278610447,-14.734238394853083
1301,17.1353512347296,-14.798989632577479
1302,17.095107633110068,-14.863801408332955
1303,17.054777613117288,-14.928672236580896
1304,17.014361315758944,-14.993600624199647
1305,16.973858883689886,-15.058585070535345
1306,16.933270461217145,-15.123624067453402
1307,16.892596194304947,-15.188716099390737
1308,16.851836230579824,-15.253859643408674
1309,16.810990719335756,-15.319053169246542
1310,16.770059811539436,-15.384295139375993
1311,16.72904365983552,-15.449584009055968
1312,16.687942418551998,-15.514918226388431
1313,16.646756243705624,-15.580296232374717
1314,16.605485293007423,-15.645716460972617
1315,16.564129725868245,-15.711177339154167
1316,16.522689703404428,-15.776677286964064
1317,16.48116538844349,-15.842214717578859
1318,16.439556945529986,-15.907788037366743
1319,16.39786454093135,-15.973395645948104
1320,16.35608834264389,-16.039035936256695
1321,16.314228520398835,-16.10470729460155
1322,16.272285245668527,-16.170408100729524
1323,16.230258691672592,-16.23613672788854
1324,16.188149033384335,-16.301891542891507
1325,16.14595644753717,-16.367670906180937
1326,16.103681112631133,-16.433473171894185
1327,16.06132320893956,-16.4992966879294
1328,16.018882918515782,-16.56513979601213
1329,15.976360425200061,-16.631000831762595
1330,15.93375591462649,-16.696878124763636
1331,15.89106957423014,-16.762769998629302
1332,15.848301593254218,-16.828674771074134
1333,15.805452162757435,-16.894590753983042
1334,15.762521475621444,-16.96051625348192
1335,15.719509726558455,-17.026449570008857
1336,15.676417112118926,-17.092388998385992
1337,15.633243830699467,-17.158332827892078
1338,15.589990082550793,-17.224279342335603
1339,15.546656069785922,-17.290226820128627
1340,15.503241996388427,-17.356173534361208
1341,15.45974806822094,-17.4221177528765
1342,15.416174493033722,-17.488057738346445
1343,15.37252148047347,-17.553991748348135
1344,15.328789242092235,-17.61991803544076
1345,15.284977991356547,-17.685834847243207
1346,15.241087943656728,-17.751740426512256
1347,15.197119316316318,-17.81763301122143
1348,15.153072328601796,-17.883510834640397
1349,15.108947201732391,-17.949372125415028
1350,15.064744158890152,-18.01521510764805
1351,15.020463425230211,-18.081038000980293
1352,14.97610522789124,-18.14683902067252
1353,14.931669796006116,-18.212616377687887
1354,14.887157360712859,-18.278368278774966
1355,14.842568155165724,-18.344092926551347
1356,14.797902414546597,-18.40978851958785
1357,14.753160376076577,-18.47545325249327
1358,14.708342279027846,-18.541085315999762
1359,14.663448364735743,-18.60668289704871
1360,14.618478876611157,-18.672244178877243
1361,14.57343406015314,-18.737767341105226
1362,14.528314162961841,-18.803250559822896
1363,14.48311943475168,-18.86869200767898
1364,14.437850127364852,-18.934089853969386
1365,14.392506494785088,-18.999442264726426
1366,14.347088793151784,-19.06474740280859
1367,14.301597280774354,-19.130003427990836
1368,14.256032218147038,-19.195208497055408
1369,14.21039386796393,-19.260360763883185
1370,14.164682495134404,-19.325458379545545
1371,14.118898366798893,-19.390499492396724
1372,14.073041752345011,-19.455482248166685
1373,14.02711292342408,-19.520404790054528
1374,13.981112153968008,-19.585265258822318
1375,13.93503972020662,-19.65006179288948
1376,13.888895900685299,-19.71479252842763
1377,13.842680976283166,-19.77945559945589
1378,13.796395230231592,-19.84404913793671
1379,13.750038948133225,-19.908571273872106
1380,13.703612417981402,-19.973020135400397
1381,13.6571159301801,-20.037393848893394
1382,13.610549777564334,-20.101690539054
1383,13.563914255421059,-20.16590832901433
1384,13.51720966151058,-20.23004534043418
1385,13.470436296088481,-20.294099693599996
1386,13.423594461928126,-20.35806950752423
1387,13.376684464343676,-20.42195290004513
1388,13.329706611213709,-20.485747987926942
1389,13.282661213005406,-20.549452886960523
1390,13.235548582799373,-20.613065712064323
1391,13.18836903631505,-20.676584577385814
1392,13.141122891936817,-20.740007596403267
1393,13.093810470740685,-20.8033328820279
1394,13.046432096521754,-20.866558546706443
1395,12.998988095822302,-20.92968270252403
1396,12.95147879796063,-20.992703461307478
1397,12.903904535060647,-21.055618934728887
1398,12.856265642082214,-21.11842723440962
1399,12.808562456852272,-21.181126472024612
1400,12.760795320096806,-21.243714759406984
1401,12.712964575473606,-21.30619020865304
1402,12.665070569605932,-21.368550932227503
1403,12.617113652117007,-21.430795043069136
1404,12.5690941756655,-21.492920654696633
1405,12.521012495981878,-21.554925881314784
1406,12.472868971905765,-21.616808837920974
1407,12.424663965424298,-21.678567640411934
1408,12.3763978417115,-21.740200405690764
1409,12.328070969168731,-21.801705251774244
1410,12.279683719466187,-21.86308029790038
1411,12.231236467585584,-21.9243236646362
1412,12.182729591863962,-21.98543347398582
1413,12.134163474038726,-22.046407849498717
1414,12.085538499293852,-22.107244916378228
1415,12.036855056307441,-22.167942801590307
1416,11.988113537300517,-22.228499633972433
1417,11.939314338087238,-22.28891354434278
1418,11.890457858126458,-22.349182665609533
1419,11.841544500574733,-22.409305132880416
1420,11.79257467234084,-22.46927908357242
1421,11.743548784141788,-22.529102657521648
1422,11.694467250560432,-22.588773997093366
1423,11.645330490104689,-22.648291247292196
1424,11.596138925268495,-22.70765255587244
1425,11.546892982594414,-22.76685607344857
1426,11.4975930927381,-22.825899953605823
1427,11.448239690534571,-22.88478235301093
1428,11.398833215066418,-22.94350143152294
1429,11.349374109733963,-23.00205535230418
1430,11.299862822327448,-23.06044228193126
1431,11.250299805101353,-23.118660390506218
1432,11.200685514850836,-23.17670785176772
1433,11.151020412990462,-23.234582843202308
1434,11.101304965635197,-23.292283546155733
1435,11.05153964368383,-23.349808145944344
1436,11.001724922904843,-23.40715483196649
1437,10.95186128402486,-23.464321797814005
1438,10.901949212819662,-23.521307241383656
1439,10.851989200208035,-23.578109364988645
1440,10.801981742348342,-23.634726375470137
1441,10.751927340738042,-23.69115648430872
1442,10.701826502316242,-23.747397907735927
1443,10.651679739569309,-23.803448866845677
1444,10.601487570639739,-23.859307587705757
1445,10.551250519438371,-23.914972301469167
1446,10.500969115760004,-23.970441244485524
1447,10.450643895402607,-24.025712658412328
1448,10.400275400290193,-24.080784790326206
1449,10.349864178599526,-24.135655892834066
1450,10.299410784890805,-24.190324224184184
1451,10.248915780242347,-24.24478804837715
1452,10.198379732389615,-24.299045635276784
1453,10.14780321586852,-24.353095260720863
1454,10.097186812163352,-24.406935206631797
1455,10.04653110985935,-24.460563761127123
1456,9.995836704800148,-24.513979218629874
1457,9.94510420025029,-24.567179879978823
1458,9.89433420706293,-24.620164052538527
1459,9.843527343852974,-24.67293005030923
1460,9.792684237175813,-24.72547619403659
1461,9.741805521711871,-24.777800811321207
1462,9.690891840457182,-24.829902236727946
1463,9.63994384492024,-24.88177881189509
1464,9.588962195325266,-24.93342888564323
1465,9.537947560822255,-24.984850814083988
1466,9.486900619703954,-25.03604296072844
1467,9.4358220596301,-25.087003696595346
1468,9.384712577859117,-25.13773140031912
1469,9.333572881487644,-25.188224458257494
1470,9.282403687698105,-25.238481264598974
1471,9.231205724014668,-25.28850022146998
1472,9.179979728567922,-25.338279739041685
1473,9.128726450368587,-25.38781823563658
1474,9.077446649590604,-25.43711413783471
1475,9.02614109786398,-25.486165880579605
1476,8.97481057857774,-25.534971907283865
1477,8.923455887193416,-25.58353066993443
1478,8.872077831569475,-25.63184062919747
1479,8.82067723229707,-25.67990025452296
1480,8.769254923047646,-25.727708024248837
1481,8.717811750932766,-25.77526242570485
1482,8.666348576876748,-25.82256195531593
1483,8.614866276002564,-25.869605118705262
1484,8.563365738031493,-25.916390430796902
1485,8.511847867697213,-25.96291641591798
1486,8.460313585174752,-26.00918160790048
1487,8.408763826525025,-26.055184550182613
1488,8.357199544155543,-26.10092379590972
1489,8.305621707297954,-26.146397908034753
1490,8.254031302503087,-26.191605459418255
1491,8.202429334154303,-26.23654503292791
1492,8.15081682499977,-26.281215221537593
1493,8.099194816704616,-26.32561462842594
1494,8.04756437042361,-26.3697418670744
1495,7.995926567395422,-26.41359556136484
1496,7.9442825095591685,-26.45717434567655
1497,7.892633320194349,-26.500476864982794
1498,7.840980144585058,-26.543501774946794
1499,7.789324150709559,-26.58624774201716
1500,7.737666529956308,-26.628713443522837
1501,7.686008497867463,-26.670897692837734
1502,7.634351294773772,-26.712799436564556
1503,7.582696186462736,-26.754417628112854
1504,7.531044465017115,-26.795751227729873
1505,7.479397449686086,-26.836799202531168
1506,7.427756487790519,-26.877560526531145
1507,7.376122955663779,-26.91803418067328
1508,7.324498259629653,-26.958219152860316
1509,7.272883837019034,-26.9981144379841
1510,7.22128115722708,-27.037719037955405
1511,7.169691722812591,-27.077031961733464
1512,7.118117070641547,-27.116052225355332
1513,7.066558773076701,-27.154778851965105
1514,7.015018439215345,-27.19321087184287
1515,6.963497716177354,-27.23134732243357
1516,6.911998290445768,-27.26918724837556
1517,6.860521889262325,-27.306729701529072
1518,6.8090702820803495,-27.34397374100441
1519,6.757645282077617,-27.380918433190033
1520,6.706248747731938,-27.417562851780296
1521,6.654882584462243,-27.453906077803193
1522,6.603548746338182,-27.48994719964771
1523,6.55224923786137,-27.52568531309112
1524,6.5009861158214735,-27.56111952132596
1525,6.449761491230615,-27.59624893498692
1526,6.398577531339633,-27.63107267217741
1527,6.347436461739958,-27.665589858496038
1528,6.2963405685549505,-27.699799627062784
1529,6.245292200724896,-27.733701118545014
1530,6.194293772389803,-27.767293481183273
1531,6.143347765374548,-27.800575870816918
1532,6.092456731781031,-27.833547450909393
1533,6.041623296692171,-27.866207392573486
1534,5.990850160992818,-27.898554874596233
1535,5.940140104312954,-27.93058908346366
1536,5.889495988098617,-27.962309213385293
1537,5.8389207588163465,-27.993714466318465
1538,5.788417451297178,-28.02480405199239
1539,5.737989192226366,-28.055577187932027
1540,5.687639203785336,-28.086033099481742
1541,5.637370807452595,-28.11617101982868
1542,5.587187427970596,-28.145990190026
1543,5.537092597485768,-28.175489859015844
1544,5.487089959869182,-28.204669283652063
1545,5.437183275225641,-28.233527728722763
1546,5.3873764245990685,-28.26206446697259
1547,5.337673414882505,-28.290278779124783
1548,5.2880783839410785,-28.318169953903045
1549,5.23859560595659,-28.3457372880531
1550,5.1892294970026125,-28.37298008636413
1551,5.139984620859004,-28.399897661689867
1552,5.090865695075099,-28.426489334969524
1553,5.041877597290685,-28.452754435248494
1554,4.993025371824284,-28.478692299698743
1555,4.944314236537844,-28.50430227363906
1556,4.8957495899873535,-28.529583710555
1557,4.847337018868389,-28.554535972118632
1558,4.799082305765743,-28.579158428208018
1559,4.750991437215774,-28.603450456926467
1560,4.703070612089854,-28.627411444621544
1561,4.655326250306703,-28.651040785903856
1562,4.60776500188083,-28.674337883665576
1563,4.560393756313479,-28.697302149098693
1564,4.513219652331364,-28.719933001713095
1565,4.466250087977459,-28.742229869354354
1566,4.419492731056518,-28.76419218822125
1567,4.372955529936365,-28.78581940288311
1568,4.326646724704006,-28.807110966296825
1569,4.280574858673143,-28.828066339823696
1570,4.234748790237154,-28.848684993245936
1571,4.189177705058274,-28.868966404783052
1572,4.143871128580135,-28.888910061107826
1573,4.098838938846823,-28.90851545736217
1574,4.054091379606715,-28.92778209717265
1575,4.009639073674203,-28.946709492665814
1576,3.965493036516239,-28.965297164483207
1577,3.921664690023978,-28.98354464179616
1578,3.8781658764221607,-29.00145146232037
1579,3.835008872260483,-29.01901717233013
1580,3.7922064024216686,-29.036241326672386
1581,3.749771654070738,-29.05312348878046
1582,3.707718290458383,-29.069663230687617
1583,3.666060464478885,-29.085860133040278
1584,3.6248128318692823,-29.101713785110995
1585,3.583990563921717,-29.117223784811223
1586,3.543609359564719,-29.13238973870375
1587,3.503685456652192,-29.147211262014952
1588,3.4642356422805145,-29.16168797864666
1589,3.425277261934831,-29.17581952118795
1590,3.3868282272455223,-29.189605530926467
1591,3.348907022114908,-29.203045657859654
1592,3.311532706952833,-29.2161395607056
1593,3.274724920738304,-29.22888690691369
1594,3.238503880603013,-29.241287372674968
1595,3.202890378611895,-29.253340642932233
1596,3.1679057753966195,-29.265046411389864
1597,3.13357199028031,-29.27640438052342
1598,3.0999114875172187,-29.28741426158888
1599,3.0669472582597734,-29.29807577463174
1600,3.0347027978589747,-29.30838864849573
1601,3.003202078103176,-29.31835262083132
1602,2.97246951400619,-29.32796743810397
1603,2.9425299247697283,-29.337232855602057
1604,2.9134084885685496,-29.346148637444585
1605,2.885130690840601,-29.354714556588593
1606,2.8577222658101893,-29.362930394836283
1607,2.8312091310307443,-29.37079594284196
1608,2.805617314806075,-29.37831100011857
1609,2.7809728764353316,-29.385475375044056
1610,2.7573018193280867,-29.392288884867437
1611,2.734629997150865,-29.39875135571459
1612,2.712983013295131,-29.404862622593775
1613,2.6923861140969074,-29.41062252940086
1614,2.672864076388449,-29.416030928924307
1615,2.6544410901191604,-29.42108768284988
1616,2.6371406369429775,-29.425792661765083
1617,2.620985365828166,-29.43014574516326
1618,2.6059969668979024,-29.434146821447545
1619,2.5921960448508545,-29.437795787934412
1620,2.5796019934339576,-29.44109255085704
1621,2.5682328725393946,-29.444037025368367
1622,2.558105289568427,-29.446629135543837
1623,2.54923428674108,-29.44886881438397
1624,2.5416332360287606,-29.45075600381653
1625,2.53531374334349,-29.45229065469855
1626,2.5302855635306454,-29.453472726817964
1627,2.526556527582543,-29.45430218889502
1628,2.524132483319156,-29.45477901858344
1629,2.5230172505737034,-29.454903202471264
1630,2.523212591680012,-29.454674736081426
1631,2.5247181977924944,-29.45409362387208
1632,2.5275316912864207,-29.453159879236598
1633,2.5316486441949446,-29.451873524503377
1634,2.537062612349557,-29.450234590935263
1635,2.5437651846117113,-29.44824311872882
1636,2.5517460463238666,-29.44589915701319
1637,2.5609930558764615,-29.443202763848806
1638,2.5714923330894712,-29.440154006225733
1639,2.583228357948086,-29.436752960061806
1640,2.596184078115257,-29.432999710200438
1641,2.610341023570019,-29.428894350408168
1642,2.6256794266897483,-29.424436983371976
1643,2.6421783461042287,-29.419627720696234
1644,2.6598157926967194,-29.41446668289948
1645,2.678568856206835,-29.408953999410873
1646,2.6984138309976258,-29.40308980856632
1647,2.7193263396779446,-29.396874257604452
1648,2.741281453416226,-29.39030750266222
1649,2.7642538079366497,-29.383389708770263
1650,2.7882177143481144,-29.376121049847985
1651,2.8131472641162203,-29.368501708698354
1652,2.839016427643367,-29.360531877002494
1653,2.8657991460696963,-29.352211755313892
1654,2.893469416044575,-29.343541553052415
1655,2.922001367342953,-29.334521488498034
1656,2.951369333311883,-29.325151788784254
1657,2.9815479142291506,-29.31543268989132
1658,3.0125120337382496,-29.3053644366391
1659,3.0442369885918668,-29.294947282679704
1660,3.0766984919908538,-29.2841814904899
1661,3.1098727108476023,-29.273067331363144
1662,3.1437362973336183,-29.261605085401445
1663,3.1782664150911786,-29.249795041506907
1664,3.2134407605008675,-29.23763749737299
1665,3.2492375794002313,-29.22513275947555
1666,3.2856356796462407,-29.212281143063585
1667,3.3226144399061766,-29.19908297214969
1668,3.3601538150492294,-29.185538579500292
1669,3.3982343384955116,-29.17164830662558
1670,3.436837121861015,-29.157412503769184
1671,3.475943852217275,-29.142831529897556
1672,3.5155367872636365,-29.12790575268918
1673,3.5555987486885647,-29.11263554852337
1674,3.596113113974861,-29.09702130246896
1675,3.6370638068825154,-29.081063408272584
1676,3.6784352868221526,-29.06476226834683
1677,3.720212537311982,-29.04811829375797
1678,3.762381053692432,-29.03113190421364
1679,3.8049268302544426,-29.013803528050044
1680,3.847836346920714,-28.996133602219018
1681,3.891096555603494,-28.97812257227481
1682,3.9346948663478982,-28.9597708923606
1683,3.9786191333566316,-28.941079025194743
1684,4.022857640979473,-28.92204744205678
1685,4.067399089740043,-28.90267662277317
1686,4.112232582462052,-28.882967055702757
1687,4.15734761054825,-28.862919237722014
1688,4.202734040457098,-28.84253367421002
1689,4.2483821004147515,-28.82181087903313
1690,4.294282367393568,-28.800751374529476
1691,4.340425754382397,-28.77935569149315
1692,4.386803497968852,-28.757624369158155
1693,4.433407146249174,-28.73555795518211
1694,4.480228547077462,-28.713157005629675
1695,4.527259836662357,-28.690422084955788
1696,4.574493428516515,-28.667353765988558
1697,4.621922002761348,-28.643952629911993
1698,4.669538495787426,-28.62021926624842
1699,4.71733609026899,-28.59615427284072
1700,4.765308205529391,-28.571758255834254
1701,4.813448488252861,-28.547031829658557
1702,4.86175080353697,-28.521975617008806
1703,4.910209226279088,-28.496590248827076
1704,4.9588180328895195,-28.470876364283235
1705,5.007571693323278,-28.44483461075572
1706,5.056464863422008,-28.418465643812006
1707,5.105492377557305,-28.391770127188884
1708,5.1546492415663465,-28.364748732772416
1709,5.203930625970503,-28.33740214057773
1710,5.253331859467782,-28.309731038728554
1711,5.302848422689649,-28.281736123436467
1712,5.352475942212926,-28.253418098979996
1713,5.402210184817605,-28.224777677683427
1714,5.4520470519814035,-28.19581557989536
1715,5.501982574602176,-28.166532533967086
1716,5.552012907939305,-28.136929276230692
1717,5.6021343267656105,-28.107006550976973
1718,5.65234322072128,-28.076765110433033
1719,5.702636089861846,-28.046205714739767
1720,5.753009540392112,-28.01532913192903
1721,5.8034602805785545,-27.98413613790063
1722,5.853985116832688,-27.952627516399044
1723,5.90458094995824,-27.92080405898995
1724,5.955244771555302,-27.88866656503653
1725,6.005973660574706,-27.856215841675528
1726,6.056764780016317,-27.82345270379309
1727,6.107615373764992,-27.790377974000464
1728,6.158522763558335,-27.75699248260929
1729,6.209484346080533,-27.723297067606886
1730,6.260497590176857,-27.68929257463119
1731,6.311560034183533,-27.65497985694551
1732,6.362669283368029,-27.62035977541307
1733,6.413823007474873,-27.585433198471343
1734,6.465018938372496,-27.550201002106146
1735,6.516254867796638,-27.514664069825574
1736,6.5675286451860675,-27.47882329263366
1737,6.618838175606669,-27.44267956900387
1738,6.670181417759998,-27.40623380485238
1739,6.721556382072576,-27.369486913511146
1740,6.7729611288625,-27.332439815700745
1741,6.824393766579903,-27.295093439503056
1742,6.875852450118111,-27.25744872033369
1743,6.927335379192428,-27.219506600914244
1744,6.978840796783536,-27.181268031244393
1745,7.030366987642794,-27.14273396857366
1746,7.081912276856772,-27.103905377373128
1747,7.13347502846834,-27.064783229306894
1748,7.185053644152037,-27.02536850320328
1749,7.236646561941224,-26.985662185025955
1750,7.288252255004968,-26.945665267844753
1751,7.33986923047238,-26.905378751806392
1752,7.3914960283024795,-26.864803644104924
1753,7.443131220197591,-26.82394095895208
1754,7.494773408558488,-26.78279171754733
1755,7.546421225479446,-26.74135694804783
1756,7.598073331781555,-26.699637685538153
1757,7.64972841608271,-26.65763497199986
1758,7.7013851939026745,-26.615349856280837
1759,7.753042406801834,-26.57278339406451
1760,7.804698821552153,-26.529936647838838
1761,7.856353229339064,-26.486810686865145
1762,7.908004444992961,-26.443406587146793
1763,7.95965130624912,-26.399725431397616
1764,8.011292673034841,-26.35576830901024
1765,8.062927426782693,-26.311536316024245
1766,8.11455446976887,-26.267030555094056
1767,8.166172724475533,-26.222252135456774
1768,8.217781132976228,-26.177202172899776
1769,8.269378656343436,-26.131881789728165
1770,8.320964274077376,-26.086292114732046
1771,8.372536983555186,-26.040434283153647
1772,8.42409579949969,-25.994309436654284
1773,8.475639753466954,-25.947918723281106
1774,8.527167893351898,-25.901263297433793
1775,8.57867928291126,-25.854344319830957
1776,8.63017300130321,-25.807162957476503
1777,8.68164814264298,-25.759720383625773
1778,8.73310381557386,-25.712017777751516
1779,8.784539142853012,-25.664056325509776
1780,8.835953260951467,-25.615837218705572
1781,8.887345319667787,-25.56736165525843
1782,8.938714481754921,-25.51863083916779
1783,8.990059922559634,-25.46964598047826
1784,9.041380829674132,-25.420408295244684
1785,9.092676402599363,-25.37091900549713
1786,9.143945852419607,-25.321179339205695
1787,9.195188401487872,-25.271190530245168
1788,9.246403283121706,-25.22095381835956
1789,9.297589741309077,-25.170470449126498
1790,9.348747030423894,-25.119741673921475
1791,9.399874414950855,-25.06876874988196
1792,9.450971169219219,-25.017552939871408
1793,9.502036577145285,-24.966095512443065
1794,9.553069931983103,-24.914397741803732
1795,9.604070536083258,-24.862460907777308
1796,9.655037700659355,-24.810286295768286
1797,9.705970745561991,-24.75787519672507
1798,9.756868999059831,-24.70522890710317
1799,9.807731797627675,-24.652348728828294
1800,9.858558485741167,-24.599235969259315
1801,9.909348415677945,-24.54589194115109
1802,9.960100947324998,-24.492317962617204
1803,10.010815447992016,-24.438515357092548
1804,10.061491292230539,-24.384485453295806
1805,10.112127861658635,-24.330229585191834
1806,10.162724544791029,-24.275749091953912
1807,10.213280736874383,-24.22104531792588
1808,10.263795839727575,-24.166119612584183
1809,10.314269261586894,-24.110973330499768
1810,10.36470041695585,-24.05560783129994
1811,10.415088726459548,-24.00002447963005
1812,10.46543361670337,-23.944224645115085
1813,10.515734520135945,-23.888209702321205
1814,10.565990874916157,-23.831981030717117
1815,10.616202124784078,-23.775540014635386
1816,10.666367718935742,-23.718888043233648
1817,10.716487111901573,-23.662026510455696
1818,10.766559763428413,-23.60495681499251
1819,10.816585138364925,-23.54768036024316
1820,10.866562706550368,-23.49019855427564
1821,10.916491942706598,-23.432512809787593
1822,10.966372326333158,-23.374624544066965
1823,11.016203341605383,-23.31653517895256
1824,11.065984477275425,-23.258246140794505
1825,11.115715226576095,-23.199758860414644
1826,11.16539508712745,-23.141074773066833
1827,11.215023560846024,-23.082195318397176
1828,11.264600153856545,-23.023121940404142
1829,11.314124376406253,-22.96385608739865
1830,11.363595742781518,-22.904399211964048
1831,11.413013771226806,-22.844752770916013
1832,11.46237798386592,-22.784918225262402
1833,11.511687906625406,-22.72489704016301
1834,11.560943069160041,-22.66469068488926
1835,11.610143004780408,-22.60430063278382
1836,11.659287250382443,-22.54372836122018
1837,11.708375346378878,-22.482975351562107
1838,11.757406836632606,-22.422043089123104
1839,11.806381268391766,-22.36093306312574
1840,11.855298192226645,-22.299646766660967
1841,11.904157161968266,-22.238185696647356
1842,11.952957734648605,-22.176551353790263
1843,12.001699470442404,-22.11474524254095
1844,12.050381932610554,-22.052768871055676
1845,12.099004687444964,-21.990623751154683
1846,12.147567304214872,-21.928311398281153
1847,12.19606935511462,-21.86583333146012
1848,12.24451041521274,-21.803191073257338
1849,12.29289006240243,-21.740386149738065
1850,12.341207877353249,-21.677420090425844
1851,12.389463443464168,-21.6142944282612
1852,12.43765634681775,-21.551010699560326
1853,12.485786176135536,-21.4875704439737
1854,12.533852522734616,-21.423975204444677
1855,12.581854980485291,-21.360226527168038
1856,12.62979314576977,-21.296325961548487
1857,12.677666617442023,-21.23227506015914
1858,12.725474996788554,-21.168075378699946
1859,12.773217887490247,-21.103728475956103
1860,12.820894895585115,-21.039235913756414
1861,12.86850562943204,-20.97459925693164
1862,12.916049699675359,-20.9098200732728
1863,12.963526719210407,-20.844899933489454
1864,13.010936303149894,-20.779840411167967
1865,13.05827806879109,-20.714643082729722
1866,13.105551635583852,-20.649309527389338
1867,13.15275662509945,-20.583841327112843
1868,13.199892661000147,-20.518240066575864
1869,13.246959369009524,-20.452507333121726
1870,13.293956376883541,-20.3866447167196
1871,13.340883314382296,-20.320653809922632
1872,13.387739813242517,-20.25453620782599
1873,13.434525507150646,-20.188293508024973
1874,13.481240031716638,-20.12192731057307
1875,13.527883024448368,-20.055439217940012
1876,13.574454124726651,-19.98883083496982
1877,13.620952973780893,-19.922103768838838
1878,13.667379214665281,-19.855259629013762
1879,13.713732492235597,-19.78830002720967
1880,13.760012453126512,-19.72122657734803
1881,13.806218745729511,-19.654040895514722
1882,13.852351020171268,-19.586744599918063
1883,13.898408928292564,-19.519339310846803
1884,13.944392123627688,-19.451826650628146
1885,13.990300261384354,-19.384208243585775
1886,14.036132998424053,-19.316485715997864
1887,14.081889993242898,-19.248660696055122
1888,14.127570905952872,-19.18073481381879
1889,14.173175398263588,-19.112709701178726
1890,14.218703133464375,-19.04458699181142
1891,14.26415377640686,-18.976368321138075
1892,14.309526993487928,-18.90805532628266
1893,14.354822452633071,-18.83964964603002
1894,14.400039823280098,-18.771152920783933
1895,14.445178776363283,-18.702566792525285
1896,14.4902389842978,-18.633892904770143
1897,14.535220120964581,-18.565132902527928
1898,14.580121861695462,-18.49628843225959
1899,14.624943883258721,-18.42736114183579
1900,14.669685863844908,-18.358352680495095
1901,14.714347483052995,-18.289264698802242
1902,14.758928421876861,-18.220098848606373
1903,14.803428362692094,-18.15085678299932
1904,14.847846989243017,-18.081540156273928
1905,14.892183986630105,-18.012150623882384
1906,14.936439041297623,-17.942689842394582
1907,14.980611841021538,-17.87315946945652
1908,15.024702074897736,-17.803561163748746
1909,15.068709433330465,-17.73389658494479
1910,15.112633608021069,-17.664167393669697
1911,15.156474291956956,-17.594375251458516
1912,15.200231179400793,-17.524521820714913
1913,15.243903965879964,-17.45460876466973
1914,15.287492348176253,-17.38463774733967
1915,15.330996024315775,-17.31461043348596
1916,15.374414693559073,-17.24452848857306
1917,15.417748056391488,-17.174393578727475
1918,15.460995814513723,-17.10420737069651
1919,15.504157670832587,-17.033971531807175
1920,15.547233329451979,-16.963687729925045
1921,15.590222495664056,-16.893357633413235
1922,15.633124875940583,-16.822982911091373
1923,15.67594017792447,-16.75256523219466
1924,15.718668110421524,-16.682106266332955
1925,15.761308383392299,-16.611607683449915
1926,15.803860707944251,-16.541071153782198
1927,15.846324796323929,-16.47049834781871
1928,15.88870036190943,-16.39989093625992
1929,15.930987119202957,-16.329250589977192
1930,15.97318478382356,-16.258578979972228
1931,16.01529307250005,-16.18787777733652
1932,16.057311703064016,-16.117148653210904
1933,16.099240394443047,-16.046393278745125
1934,16.141078866654055,-15.97561332505751
1935,16.18282684079678,-15.904810463194666
1936,16.22448403904736,-15.833986364091263
1937,16.26605018465215,-15.763142698529872
1938,16.307525001921544,-15.692281137100867
1939,16.348908216224054,-15.62140335016239
1940,16.39019955398039,-15.550511007800402
1941,16.431398742657795,-15.479605779788765
1942,16.47250551076436,-15.40868933554943
1943,16.51351958784358,-15.337763344112664
1944,16.554440704468945,-15.266829474077374
1945,16.5952685922387,-15.195889393571482
1946,16.636002983770645,-15.124944770212384
1947,16.676643612697138,-15.053997271067475
1948,16.717190213660093,-14.983048562614751
1949,16.757642522306185,-14.912100310703483
1950,16.79800027528208,-14.841154180514987
1951,16.838263210229837,-14.77021183652342
1952,16.87843106578228,-14.699274942456727
1953,16.91850358155864,-14.628345161257592
1954,16.95848049816012,-14.557424155044535
1955,16.998361557165666,-14.486513585073029
1956,17.038146501127763,-14.415615111696749
1957,17.077835073568366,-14.344730394328868
1958,17.117427018974876,-14.27386109140345
1959,17.156922082796193,-14.203008860336936
1960,17.19632001143889,-14.132175357489695
1961,17.235620552263438,-14.061362238127671
1962,17.274823453580517,-13.990571156384108
1963,17.31392846464739,-13.919803765221388
1964,17.352935335664373,-13.84906171639292
1965,17.391843817771356,-13.778346660405141
1966,17.430653663044396,-13.707660246479598
1967,17.46936462449241,-13.637004122515133
1968,17.5079764560539,-13.566379935050136
1969,17.54648891259374,-13.495789329224904
1970,17.584901749900073,-13.4252339487441
1971,17.62321472468124,-13.354715435839282
1972,17.661427594562742,-13.284235431231558
1973,17.69954011808434,-13.213795574094306
1974,17.737552054697144,-13.143397502015992
1975,17.77546316476079,-13.073042850963114
1976,17.81327320954065,-13.00273325524321
1977,17.850981951205174,-12.932470347467978
1978,17.888589152823172,-12.862255758516481
1979,17.92609457836123,-12.792091117498483
1980,17.963497992681173,-12.721978051717844
1981,18.000799161537536,-12.651918186636042
1982,18.037997851575124,-12.581913145835793
1983,18.075093830326608,-12.511964550984755
1984,18.11208686621017,-12.44207402179936
1985,18.1489767285272,-12.372243176008729
1986,18.18576318746002,-12.3024736293187
1987,18.22244601406967,-12.23276699537595
1988,18.259024980293766,-12.163124885732245
1989,18.295499858944332,-12.093548909808762
1990,18.331870423705713,-12.024040674860549
1991,18.368136449132574,-11.95460178594107
1992,18.40429771064785,-11.885233845866862
1993,18.44035398454079,-11.815938455182305
1994,18.476305047965045,-11.746717212124501
1995,18.512150678936784,-11.677571712588252
1996,18.547890656332815,-11.60850355009115
1997,18.5835247598888,-11.539514315738801
1998,18.619052770197456,-11.470605598190113
1999,18.654474468706823,-11.401778983622734
2000,18.68978963771857,-11.333036055698594
2001,18.724998060386277,-11.264378395529535
2002,18.76009952071384,-11.195807581643098
2003,18.79509380355384,-11.127325189948374
2004,18.82998069460595,-11.05893279370201
2005,18.864759980415414,-10.990631963474298
2006,18.89943144837154,-10.922424267115398
2007,18.933994886706174,-10.854311269721673
2008,18.96845008449225,-10.786294533602137
2009,19.002796831642392,-10.718375618245004
2010,19.037034918907484,-10.650556080284385
2011,19.071164137875304,-10.58283747346709
2012,19.105184280969183,-10.515221348619514
2013,19.139095141446678,-10.447709253614699
2014,19.172896513398264,-10.380302733339473
2015,19.206588191746093,-10.313003329661715
2016,19.240169972242732,-10.245812581397754
2017,19.273641651469934,-10.178732024279865
2018,19.307003026837446,-10.111763190923911
2019,19.340253896581842,-10.04490761079708
2020,19.373394059765378,-9.978166810185757
2021,19.406423316274832,-9.91154231216351
2022,19.439341466820427,-9.845035636559224
2023,19.47214831293473,-9.778648299925294
2024,19.504843656971588,-9.71238181550602
2025,19.537427302105094,-9.646237693206066
2026,19.569899052328534,-9.580217439559064
2027,19.602258712453438,-9.514322557696337
2028,19.634506088108523,-9.448554547315748
2029,19.666640985738784,-9.382914904650676
2030,19.69866321260451,-9.317405122439109
2031,19.730572576780386,-9.252026689892865
2032,19.76236888715454,-9.186781092666939
2033,19.794051953427697,-9.121669812828971
2034,19.825621586112256,-9.056694328828847
2035,19.857077596531447,-8.991856115468417
2036,19.888419796818496,-8.92715664387135
2037,19.919647999915785,-8.862597381453096
2038,19.950762019574046,-8.798179791891004
2039,19.981761670351553,-8.733905335094537
2040,20.012646767613358,-8.669775467175635
2041,20.043417127530507,-8.605791640419193
2042,20.074072567079284,-8.541955303253678
2043,20.104612904040494,-8.478267900221859
2044,20.13503795699872,-8.414730871951685
2045,20.16534754534161,-8.351345655127265
2046,20.1955414892592,-8.288113682460006
2047,20.225619609743198,-8.225036382659859
2048,20.255581728586343,-8.1621151804067
2049,20.28542766838173,-8.099351496321843
2050,20.315157252522162,-8.036746746939682
2051,20.34477030519952,-7.9743023446794545
2052,20.374266651404138,-7.91201969781715
2053,20.403646116924193,-7.849900210457532
2054,20.43290852834511,-7.787945282506309
2055,20.46205371304895,-7.726156309642407
2056,20.49108149921387,-7.664534683290415
2057,20.519991715813518,-7.603081790593112
2058,20.5487841926165,-7.541799014384171
2059,20.577458760185834,-7.480687733160961
2060,20.606015249878382,-7.419749321057493
2061,20.634453493844383,-7.358985147817497
2062,20.662773325026876,-7.298396578767637
2063,20.690974577161224,-7.237984974790844
2064,20.7190570847746,-7.177751692299785
2065,20.747020683185518,-7.117698083210473
2066,20.774865208503325,-7.057825494916001
2067,20.802590497627772,-6.998135270260402
2068,20.830196388248503,-6.93862874751266
2069,20.85768271884462,-6.879307260340837
2070,20.885049328684268,-6.820172137786328
2071,20.912296057824143,-6.761224704238278
2072,20.939422747109074,-6.702466279408092
2073,20.96642923817165,-6.643898178304112
2074,20.99331537343173,-6.585521711206399
2075,21.020080996096098,-6.527338183641672
2076,21.046725950158027,-6.4693488963583645
2077,21.073250080396896,-6.411555145301815
2078,21.099653232377804,-6.3539582215895996
2079,21.12593525245118,-6.296559411486986
2080,21.152095987752432,-6.239359996382535
2081,21.178135286201574,-6.182361252763816
2082,21.204052996502845,-6.125564452193277
2083,21.22984896814439,-6.068970861284229
2084,21.255523051397866,-6.0125817416769785
2085,21.281075097318162,-5.956398350015081
2086,21.306504957743005,-5.9004219379217435
2087,21.331812485292666,-5.84465375197634
2088,21.356997533369626,-5.7890950336910745
2089,21.38205995615826,-5.733747019487782
2090,21.406999608624513,-5.6786109406748455
2091,21.431816346515603,-5.623688023424258
2092,21.456510026359737,-5.568979488748821
2093,21.481080505465766,-5.514486552479466
2094,21.505527641922935,-5.460210425242722
2095,21.529851294600586,-5.406152312438301
2096,21.554051323147863,-5.3523134142168285
2097,21.57812758799345,-5.29869492545771
2098,21.602079950345285,-5.245298035747118
2099,21.6259082721903,-5.192123929356124
2100,21.649612416294172,-5.139173785218959
2101,21.673192246201022,-5.086448776911404
2102,21.696647626233194,-5.033950072629324
2103,21.719978421491003,-4.981678835167325
2104,21.743184497852475,-4.9296362218975505
2105,21.766265721973106,-4.877823384748605
2106,21.78922196128563,-4.826241470184621
2107,21.812053083999782,-4.774891619184444
2108,21.834758959102054,-4.723774967220972
2109,21.85733945635551,-4.672892644240601
2110,21.87979444629949,-4.622245774642827
2111,21.902123800249456,-4.571835477259966
2112,21.92432739029675,-4.521662865337019
2113,21.94640508930837,-4.471729046511659
2114,21.968356770926775,-4.4220351227943535
2115,21.99018230956968,-4.372582190548623
2116,22.011881580429836,-4.323371340471428
2117,22.033454459474864,-4.274403657573693
2118,22.054900823447003,-4.225680221160959
2119,22.07622054986297,-4.177202104814172
2120,22.097413517013738,-4.128970376370593
2121,22.118479603964353,-4.0809860979048596
2122,22.13941869055376,-4.033250325710161
2123,22.16023065739461,-3.9857641102795505
2124,22.180915385873078,-3.938528496287403
2125,22.20147275814869,-3.8915445225709795
2126,22.221902657154157,-3.8448132221121427
2127,22.242204966595196,-3.798335622019202
2128,22.262379570950337,-3.752112743508876
2129,22.282426355470815,-3.706145601888407
2130,22.30234520618034,-3.6604352065377874
2131,22.32213600987498,-3.614982560892134
2132,22.34179865412299,-3.569788662424176
2133,22.36133302726463,-3.524854502626891
2134,22.380739018412044,-3.480181066996263
2135,22.400016517449107,-3.4357693350141636
2136,22.419165415031234,-3.3916202801313835
2137,22.438185602585275,-3.347734869750773
2138,22.45707697230936,-3.3041140652105327
2139,22.47583941717273,-3.260758821767616
2140,22.494472830915626,-3.217670088581272
2141,22.512977108049125,-3.1748488086967206
2142,22.531352143855013,-3.132295919028946
2143,22.549597834385644,-3.0900123503466355
2144,22.567714076463815,-3.047999027256231
2145,22.585700767682617,-3.006256868186123
2146,22.603557806405327,-2.9647867853709693
2147,22.621285091765234,-2.92358968483614
2148,22.638882523665572,-2.882666466382295
2149,22.65635000277935,-2.84201802357009
2150,22.67368743054925,-2.80164524370501
2151,22.690894709187486,-2.7615490078223326
2152,22.7079717416757,-2.7217301906722167
2153,22.72491843176482,-2.682189660704926
2154,22.741734683974986,-2.6429282800561715
2155,22.758420403595373,-2.6039469045325907
2156,22.774975496684135,-2.565246383597348
2157,22.79139987006825,-2.526827560355867
2158,22.807693431343434,-2.4886912715416916
2159,22.823856088874,-2.4508383475024633
2160,22.83988775179279,-2.413269612186045
2161,22.855788330001026,-2.3759858831267544
2162,22.871557734168242,-2.3389879714317305
2163,22.887195875732132,-2.3022766817674314
2164,22.902702666898506,-2.2658528123462522
2165,22.918078020641126,-2.229717154913273
2166,22.933321850701667,-2.1938704947331296
2167,22.948434071589542,-2.1583136105770167
2168,22.963414598581885,-2.1230472747098093
2169,22.978263347723377,-2.0880722528773177
2170,22.99298023582621,-2.053389304293662
2171,23.00756518046996,-2.018999181628774
2172,23.022018100001485,-1.9849026309960272
2173,23.03633891353488,-1.9511003919399874
2174,23.050527540951318,-1.9175931974242937
2175,23.064583902899006,-1.8843817738196584
2176,23.078507920793083,-1.8514668408919965
2177,23.09229951681552,-1.8188491117906787
2178,23.105958613915057,-1.7865292930369048
2179,23.119485135807082,-1.7545080845122094
2180,23.13287900697357,-1.7227861794470836
2181,23.146140152663005,-1.6913642644097253
2182,23.159268498890256,-1.660243019294912
2183,23.172263972436557,-1.6294231173129972
2184,23.185126500849353,-1.5989052249790308
2185,23.197856012442266,-1.5686900021020018
2186,23.210452436295014,-1.5387781017742053
2187,23.222915702253314,-1.5091701703607323
2188,23.235245740928804,-1.4798668474890815
2189,23.247442483698972,-1.450868766038894
2190,23.259505862707105,-1.4221765521318122
2191,23.271435810862158,-1.393790825121458
2192,23.283232261838712,-1.3657121975835373
2193,23.29489515007691,-1.3379412753060624
2194,23.30642441078236,-1.3104786572796985
2195,23.31781997992608,-1.283324935688232
2196,23.329081794244406,-1.2564806958991606
2197,23.340209791238944,-1.2299465164544032
2198,23.351203909176487,-1.203722969061133
2199,23.36206408708895,-1.1778106185827302
2200,23.37279026477329,-1.152210023029858
2201,23.38338238279147,-1.1269217335516553
2202,23.393840382470344,-1.1019462944270553
2203,23.404164205901633,-1.0772842430562206
2204,23.414353795941828,-1.052936109952101
2205,23.42440909621216,-1.028902418732109
2206,23.4343300510985,-1.005183686109919
2207,23.444116605751304,-0.981780421887384
2208,23.453768706085587,-0.9586931289465711
2209,23.463286298780798,-0.9359223032419203
2210,23.472669331280805,-0.9134684337925201
2211,23.481917751793823,-0.8913320026745017
2212,23.491031509292355,-0.8695134850135559
2213,23.50001055351313,-0.8480133489775652
2214,23.50885483495702,-0.8268320557693575
2215,23.517564304889035,-0.8059700596195781
2216,23.52613891533822,-0.7854278077796789
2217,23.53457861909763,-0.7652057405150283
2218,23.542883369724237,-0.7453042910981378
2219,23.551053121538924,-0.7257238858020073
2220,23.559087829626364,-0.7064649438935903
2221,23.566987449835036,-0.6875278776273736
2222,23.574751938777133,-0.668913092239077
2223,23.582381253828494,-0.6506209859394727
2224,23.5898753531286,-0.6326519499083172
2225,23.59723419558049,-0.6150063682884054
2226,23.604457740850698,-0.5976846181797402
2227,23.611545949369244,-0.5806870696338184
2228,23.61849878232954,-0.5640140856480362
2229,23.62531620168836,-0.5476660221602085
2230,23.63199817016582,-0.531643228043208
2231,23.638544651245265,-0.5159460450997195
2232,23.644955609173284,-0.5005748080571105
2233,23.65123100895963,-0.4855298445624201
2234,23.657370816377178,-0.47081147517746197
2235,23.663374997961874,-0.4564200133740451
2236,23.669243521012717,-0.4423557655293109
2237,23.67497635359169,-0.4286190309211848
2238,23.680573464523707,-0.4152101017239458
2239,23.686034823396614,-0.4021292630039103
2240,23.69136040056108,-0.3893767927152321
2241,23.69655016713061,-0.376952961695819
2242,23.701604094981498,-0.36485803366336267
2243,23.706522156752754,-0.35309226521148673
2244,23.71130432584608,-0.34165590580600813
2245,23.715950576425843,-0.3305491977813143
2246,23.720460883419026,-0.31977237633685573
2247,23.724835222515164,-0.3093256695337537
2248,23.729073570166364,-0.29920929829152193
2249,23.73317590358721,-0.2894234763849042
2250,23.73714220075475,-0.2799684104408266
2251,23.740972440408473,-0.2708442999354632
2252,23.74466660205024,-0.26205133719141893
2253,23.74822466594427,-0.2535897073750235
2254,23.751646613117124,-0.24545958849374247
2255,23.754932425357616,-0.23766115139370214
2256,23.758082085216827,-0.23019455975732744
2257,23.761095576008067,-0.22305997010109507
2258,23.763972881806815,-0.2162575317734012
2259,23.76671398745071,-0.20978738695254182
2260,23.76931887853952,-0.20364967064480805
2261,23.77178754143509,-0.19784451068269504
2262,23.77411996326134,-0.19237202772322481
2263,23.776316131904224,-0.18723233524638278
2264,23.77837603601168,-0.18242553955366783
2265,23.780299664993635,-0.1779517397667563
2266,23.78208700902196,-0.17381102782627914
2267,23.78373805903045,-0.17000348849071328
2268,23.78525280671476,-0.16652919933538607
2269,23.78663124453244,-0.16338823075159223
2270,23.78787336570289,-0.16058064594582572
2271,23.788979164207284,-0.1581065009391242
2272,23.78994863478861,-0.15596584456652635
2273,23.790781772951618,-0.15415871847664306
2274,23.79147857496281,-0.152685157131341
2275,23.79203903785038,-0.15154518780554055
2276,23.792463159404235,-0.1507388305871252
2277,23.79275093817597,-0.15026609837696528
2278,23.792902373478803,-0.15012699688905418
2279,23.792917465387603,-0.15032152465075754
2280,23.79279621473885,-0.15084967300317512
2281,23.792538623130604,-0.15171142610161628
2282,23.79214469292253,-0.15290676091618727
2283,23.79161442723582,-0.15443564723249256
2284,23.790947829953215,-0.1562980476524481
2285,23.79014490571897,-0.15849391759520762
2286,23.78920565993886,-0.1610232052982018
2287,23.78813009878014,-0.16388585181828982
2288,23.786918229171537,-0.16708179103302442
2289,23.785570058803234,-0.1706109496420289
2290,23.784085596126868,-0.17447324716848694
2291,23.7824648503555,-0.17866859596074552
2292,23.780707831463612,-0.18319690119403007
2293,23.7788145501871,-0.18805806087227248
2294,23.776785018023247,-0.19325196583005166
2295,23.774619247230714,-0.19877849973464745
2296,23.77231725082955,-0.20463753908820567
2297,23.769879042601147,-0.2108289532300174
2298,23.767304637088266,-0.21735260433891
2299,23.764594049595022,-0.22420834743575083
2300,23.761747296186847,-0.23139603038606452
2301,23.758764393690527,-0.2389154939027614
2302,23.755645359694153,-0.2467665715489802
2303,23.75239021254714,-0.25494908974104225
2304,23.748998971360216,-0.2634628677515187
2305,23.745471656005428,-0.2723077177124112
2306,23.741808287116104,-0.28148344461844405
2307,23.73800888608689,-0.2909898463304702
2308,23.73407347507375,-0.30082671357898916
2309,23.730002076993895,-0.3109938299677787
2310,23.72579471552587,-0.32149097197763843
2311,23.7214514151095,-0.3323179089702467
2312,23.716972200945904,-0.34347440319213024
2313,23.712357098997504,-0.3549602097787468
2314,23.70760613598801,-0.36677507675868093
2315,23.702719339402435,-0.37891874505795176
2316,23.69769673748709,-0.3913909485044356
2317,23.692538359249596,-0.4041914138323996
2318,23.68724423445888,-0.41731986068714993
2319,23.68181439364519,-0.4307760016297918
2320,23.67624886810007,-0.4445595421421051
2321,23.670547689876418,-0.45867018063152937
2322,23.664710891788452,-0.47310760843626576
2323,23.658738507411726,-0.48787150983049044
2324,23.652630571083158,-0.502961562029681
2325,23.64638711790102,-0.518377435196058
2326,23.64000818372494,-0.5341187924441381
2327,23.63349380517594,-0.5501852898464017
2328,23.62684401963642,-0.5665765764390748
2329,23.620058865250197,-0.5832922942280219
2330,23.613138380922486,-0.6003320781947563
2331,23.60608260631995,-0.617695556302561
2332,23.5988915818707,-0.6353823495027245
2333,23.59156534876429,-0.6533920717408913
2334,23.584103948951753,-0.671724329963526
2335,23.576507425145646,-0.6903787241244889
2336,23.56877582081998,-0.7093548471917306
2337,23.560909180210352,-0.7286522851540957
2338,23.552907548313875,-0.7482706170282448
2339,23.54477097088924,-0.7682094148656873
2340,23.53649949445673,-0.7884682437599311
2341,23.528093166298255,-0.8090466618537461
2342,23.519552034457348,-0.8299442203465415
2343,23.510876147739193,-0.8511604635018583
2344,23.502065555710676,-0.8726949286549766
2345,23.493120308700384,-0.8945471462206369
2346,23.48404045779865,-0.9167166397008778
2347,23.474826054857562,-0.9392029256929861
2348,23.465477152491,-0.9620055138975655
2349,23.45599380407467,-0.9851239071267163
2350,23.44637606374612,-1.0085576013123325
2351,23.436623986404793,-1.0323060855145163
2352,23.426737627712058,-1.0563688419301023
2353,23.416717044091204,-1.0807453459013028
2354,23.40656229272751,-1.1054350659244667
2355,23.396273431568282,-1.1304374636589514
2356,23.385850519322876,-1.1557519939361143
2357,23.375293615462734,-1.1813781047684189
2358,23.36460278022143,-1.207315237358656
2359,23.353778074594697,-1.2335628261092815
2360,23.342819560340484,-1.2601202986318698
2361,23.331727299978972,-1.2869870757566853
2362,23.320501356792654,-1.3141625715423666
2363,23.30914179482635,-1.3416461932857324
2364,23.297648678887246,-1.3694373415316983
2365,23.28602207454496,-1.3975354100833137
2366,23.274262048131586,-1.4259397860119156
2367,23.262368666741725,-1.4546498496673965
2368,23.250341998232543,-1.483664974688593
2369,23.238182111223843,-1.5129845280137875
2370,23.225889075098074,-1.5426078698913306
2371,23.213462960000417,-1.5725343538903784
2372,23.200903836838815,-1.602763326911749
2373,23.188211777284042,-1.633294129198894
2374,23.175386853769776,-1.6641260943489902
2375,23.16242913949263,-1.695258549324148
2376,23.149338708412202,-1.7266908144627378
2377,23.13611563525116,-1.7584222034908321
2378,23.122759995495294,-1.790452023533772
2379,23.109271865393588,-1.822779575127842
2380,23.095651321958265,-1.8554041522320739
2381,23.081898442964867,-1.8883250422401594
2382,23.068013306952313,-1.9215415259924906
2383,23.053995993222973,-1.9550528777883083
2384,23.03984658184273,-1.9888583653979803
2385,23.02556515364108,-2.02295725007539
2386,23.011151790211144,-2.057348786570448
2387,22.99660657390982,-2.092032223141723
2388,22.981929587857767,-2.127006801569189
2389,22.96712091593958,-2.1622717571670944
2390,22.9521806428038,-2.1978263187969516
2391,22.937108853863013,-2.2336697088806403
2392,22.921905635293953,-2.2698011434136394
2393,22.906571074037537,-2.3062198319783707
2394,22.89110525779901,-2.3429249777576655
2395,22.875508275047977,-2.3799157775483537
2396,22.859780215018517,-2.417191421774968
2397,22.843921167709297,-2.4547510945035738
2398,22.827931223883606,-2.492593973455713
2399,22.811810475069503,-2.530719230022475
2400,22.795559013559885,-2.569126029278686
2401,22.779176932412593,-2.6078135299972134
2402,22.762664325450494,-2.6467808846634027
2403,22.74602128726162,-2.686027239489622
2404,22.72924791319922,-2.7255517344299394
2405,22.712344299381922,-2.7653535031949126
2406,22.695310542693793,-2.8054316732665043
2407,22.67814674078447,-2.84578536591312
2408,22.660852992069273,-2.886413696204764
2409,22.6434293957293,-2.927315773028318
2410,22.625876051711554,-2.968490699102942
2411,22.608193060729075,-3.0099375709955973
2412,22.590380524261043,-3.0516554791366928
2413,22.572438544552888,-3.0936435078358486
2414,22.55436722461645,-3.1359007352977857
2415,22.53616666823006,-3.178426233638339
2416,22.51783697993872,-3.2212190689005875
2417,22.49937826505419,-3.264278301071114
2418,22.480790629655143,-3.307602984096379
2419,22.462074180587308,-3.3511921658992274
2420,22.443229025463587,-3.3950448883955078
2421,22.424255272664205,-3.43916018751082
2422,22.405153031336855,-3.48353709319739
2423,22.385922411396873,-3.528174629451055
2424,22.36656352352733,-3.5730718143283857
2425,22.34707647917922,-3.618227659963924
2426,22.32746139057162,-3.663641172587545
2427,22.307718370691827,-3.709311352541943
2428,22.287847533295537,-3.7552371943002436
2429,22.267848992907,-3.8014176864837355
2430,22.24772286481917,-3.847851811879729
2431,22.227469265093912,-3.8945385474595358
2432,22.207088310562135,-3.9414768643965754
2433,22.186580118823994,-3.9886657280846034
2434,22.16594480824907,-4.036104098156065
2435,22.14518249797652,-4.083790928500574
2436,22.124293307915316,-4.131725167283509
2437,22.103277358744375,-4.179905756964748
2438,22.082134771912806,-4.228331634317512
2439,22.06086566964005,-4.277001730447343
2440,22.039470174916147,-4.3259149708112
2441,22.017948411501855,-4.375070275236692
2442,21.99630050392895,-4.424466557941416
2443,21.974526577500363,-4.474102727552435
2444,21.952626758290428,-4.523977687125882
2445,21.930601173145096,-4.574090334166673
2446,21.90844994968214,-4.624439560648364
2447,21.88617321629142,-4.675024253033122
2448,21.863771102135075,-4.72584329229182
2449,21.841243737147778,-4.776895553924267
2450,21.818591252036953,-4.8281799079795515
2451,21.795813778283065,-4.879695219076518
2452,21.77291144813982,-4.931440346424368
2453,21.749884394634428,-4.98341414384338
2454,21.72673275156788,-5.035615459785765
2455,21.703456653515186,-5.08804313735664
2456,21.680056235825663,-5.140696014335126
2457,21.656531634623196,-5.193572923195581
2458,21.63288298680649,-5.246672691128947
2459,21.609110430049398,-5.29999414006423
2460,21.58521410280119,-5.353536086690103
2461,21.56119414428681,-5.407297342476633
2462,21.53705069450722,-5.461276713697138
2463,21.512783894239682,-5.515473001450168
2464,21.48839388503807,-5.569885001681608
2465,21.463880809233174,-5.624511505206912
2466,21.43924480993304,-5.679351297733458
2467,21.414486031023262,-5.734403159883034
2468,21.389604617167347,-5.789665867214444
2469,21.364600713807043,-5.845138190246245
2470,21.339474467162667,-5.900818894479605
2471,21.314226024233477,-5.95670674042129
2472,21.288855532798003,-6.012800483606777
2473,21.263363141414427,-6.069098874623488
2474,21.23774899942096,-6.125600659134155
2475,21.212013256936203,-6.182304577900311
2476,21.18615606485953,-6.239209366805898
2477,21.160177574871494,-6.296313756881014
2478,21.134077939434185,-6.353616474325777
2479,21.107857311791697,-6.411116240534307
2480,21.081515845970497,-6.468811772118858
2481,21.05505369677985,-6.52670178093405
2482,21.028471019812244,-6.584784974101235
2483,21.00176797144385,-6.643060054032996
2484,20.974944708834943,-6.701525718457767
2485,20.94800138993035,-6.760180660444565
2486,20.92093817345994,-6.8190235684278715
2487,20.893755218939035,-6.87805312623262
2488,20.866452686668968,-6.937268013099311
2489,20.83903073773751,-6.996666903709272
2490,20.81148953401937,-7.056248468210005
2491,20.783829238176722,-7.116011372240694
2492,20.756050013659717,-7.1759542769578255
2493,20.728152024706997,-7.236075839060922
2494,20.70013543634621,-7.296374710818418
2495,20.672000414394592,-7.356849540093648
2496,20.643747125459498,-7.417498970370967
2497,20.615375736938972,-7.478321640781987
2498,20.586886417022317,-7.5393161861319475
2499,20.558279334690678,-7.600481236926204
2500,20.52955465971765,-7.66181541939684
2501,20.50071256266986,-7.723317355529405
2502,20.471753214907636,-7.784985663089771
2503,20.442676788585576,-7.846818955651132
2504,20.41348345665323,-7.908815842621095
2505,20.384173392855732,-7.9709749292689205
2506,20.3547467717345,-8.033294816752873
2507,20.325203768627876,-8.09577410214771
2508,20.295544559671825,-8.158411378472264
2509,20.265769321800665,-8.221205234717178
2510,20.235878232747762,-8.284154255872759
2511,20.205871471046276,-8.347257022956923
2512,20.17574921602988,-8.410512113043309
2513,20.145511647833565,-8.473918099289476
2514,20.115158947394363,-8.537473550965247
2515,20.084691296452164,-8.60117703348116
2516,20.054108877550522,-8.66502710841705
2517,20.023411874037457,-8.729022333550738
2518,19.992600470066314,-8.793161262886866
2519,19.961674850596573,-8.857442446685823
2520,19.930635201394757,-8.921864431492818
2521,19.8994817090353,-8.986425760167053
2522,19.86821456090143,-9.05112497191103
2523,19.83683394518609,-9.115960602299966
2524,19.805340050892905,-9.180931183311353
2525,19.77373306783709,-9.246035243354598
2526,19.742013186646446,-9.311271307300812
2527,19.710180598762328,-9.376637896512712
2528,19.678235496440674,-9.442133528874631
2529,19.646178072753028,-9.507756718822671
2530,19.614008521587557,-9.573505977374936
2531,19.581727037650154,-9.639379812161918
2532,19.549333816465513,-9.705376727456988
2533,19.516829054378217,-9.771495224206998
2534,19.484212948553896,-9.837733800063008
2535,19.45148569698035,-9.90409094941113
2536,19.418647498468744,-9.970565163403478
2537,19.385698552654773,-10.037154929989253
2538,19.35263905999992,-10.103858733945925
2539,19.319469221792655,-10.170675056910538
2540,19.286189240149735,-10.237602377411138
2541,19.252799318017463,-10.3046391708983
2542,19.21929965917302,-10.371783909776779
2543,19.18569046822581,-10.439035063437284
2544,19.151971950618815,-10.50639109828834
2545,19.11814431262996,-10.573850477788291
2546,19.084207761373587,-10.6414116624774
2547,19.050162504801875,-10.709073110010065
2548,19.016008751706288,-10.77683327518715
2549,18.98174671171911,-10.844690609988424
2550,18.947376595314974,-10.912643563605123
2551,18.912898613812406,-10.980690582472596
2552,18.878312979375437,-11.048830110303093
2553,18.843619905015203,-11.117060588118656
2554,18.808819604591626,-11.185380454284092
2555,18.773912292815083,-11.253788144540097
2556,18.738898185248114,-11.322282092036462
2557,18.703777498307215,-11.390860727365393
2558,18.66855044926457,-11.459522478594945
2559,18.633217256249925,-11.528265771302564
2560,18.597778138252426,-11.597089028608714
2561,18.562233315122487,-11.665990671210661
2562,18.52658300757377,-11.734969117416293
2563,18.490827437185114,-11.804022783178118
2564,18.454966826402565,-11.873150082127314
2565,18.419001398541408,-11.942349425607908
2566,18.38293137778828,-12.011619222711062
2567,18.346756989203264,-12.08095788030944
2568,18.31047845872208,-12.150363803091714
2569,18.27409601315831,-12.219835393597139
2570,18.237609880205618,-12.289371052250251
2571,18.201020288440095,-12.358969177395657
2572,18.164327467322572,-12.428628165332933
2573,18.127531647201035,-12.498346410351614
2574,18.090633059313074,-12.568122304766293
2575,18.05363193578832,-12.637954238951824
2576,18.016528509651057,-12.707840601378605
2577,17.979323014822768,-12.77777977864797
2578,17.94201568612478,-12.847770155527687
2579,17.90460675928097,-12.917810114987551
2580,17.867096470920508,-12.98789803823505
2581,17.829485058580637,-13.058032304751167
2582,17.791772760709595,-13.12821129232624
2583,17.75395981666945,-13.198433377095943
2584,17.716046466739137,-13.268696933577354
2585,17.67803295211745,-13.339000334705107
2586,17.63991951492617,-13.409341951867647
2587,17.601706398213203,-13.479720154943573
2588,17.56339384595582,-13.550133312338081
2589,17.5249821030639,-13.620579791019491
2590,17.486471415383328,-13.691057956555857
2591,17.447862029699404,-13.761566173151689
2592,17.409154193740306,-13.83210280368473
2593,17.370348156180686,-13.902666209742863
2594,17.33144416664528,-13.97325475166107
2595,17.29244247571262,-14.043866788558502
2596,17.253343334918803,-14.114500678375617
2597,17.21414699676138,-14.185154777911416
2598,17.174853714703247,-14.255827442860767
2599,17.13546374317672,-14.326517027851787
2600,17.09597733758757,-14.397221886483358
2601,17.05639475431925,-14.467940371362658
2602,17.01671625073715,-14.538670834142836
2603,16.97694208519296,-14.609411625560739
2604,16.9370725170291,-14.680161095474713
2605,16.89710780658326,-14.750917592902502
2606,16.85704821519306,-14.821679466059214
2607,16.81689400520073,-14.892445062395366
2608,16.776645439957967,-14.963212728635023
2609,16.736302783830855,-15.033980810813981
2610,16.695866302204884,-15.104747654318054
2611,16.65533626149007,-15.175511603921413
2612,16.614712929126217,-15.246271003825045
2613,16.57399657358823,-15.317024197695215
2614,16.533187464391595,-15.38776952870205
2615,16.49228587209795,-15.458505339558192
2616,16.45129206832078,-15.529229972557502
2617,16.41020632573118,-15.599941769613844
2618,16.36902891806384,-15.670639072299942
2619,16.327760120123067,-15.741320221886289
2620,16.28640020778895,-15.811983559380163
2621,16.244949458023736,-15.882627425564644
2622,16.20340814887819,-15.953250161037763
2623,16.161776559498218,-16.023850106251672
2624,16.1200549701316,-16.094425601551883
2625,16.07824366213482,-16.16497498721661
2626,16.0363429179801,-16.23549660349611
2627,15.994353021262548,-16.305988790652133
2628,15.952274256707444,-16.37644988899741
2629,15.910106910177749,-16.4468782389352
2630,15.867851268681708,-16.517272180998905
2631,15.825507620380632,-16.587630055891747
2632,15.783076254596862,-16.65795020452648
2633,15.740557461821922,-16.72823096806516
2634,15.697951533724773,-16.798470687959004
2635,15.655258763160326,-16.868667705988244
2636,15.612479444178119,-16.938820364302096
2637,15.569613872031141,-17.008927005458727
2638,15.526662343184892,-17.0789859724653
2639,15.483625155326648,-17.148995608818076
2640,15.440502607374858,-17.218954258542524
2641,15.397294999488848,-17.288860266233534
2642,15.354002633078629,-17.358711977095627
2643,15.310625810815031,-17.428507736983242
2644,15.267164836639965,-17.498245892441034
2645,15.223620015776975,-17.567924790744275
2646,15.179991654741976,-17.63754277993922
2647,15.13628006135426,-17.707098208883572
2648,15.09248554474775,-17.776589427286954
2649,15.048608415382478,-17.84601478575145
2650,15.004648985056331,-17.915372635812155
2651,14.96060756691707,-17.984661329977754
2652,14.91648447547459,-18.053879221771208
2653,14.872280026613506,-18.123024665770348
2654,14.827994537605951,-18.192096017648648
2655,14.783628327124738,-18.26109163421589
2656,14.739181715256715,-18.330009873458998
2657,14.694655023516567,-18.398849094582754
2658,14.6500485748608,-18.467607658050692
2659,14.605362693702116,-18.536283925625895
2660,14.560597705924083,-18.604876260411896
2661,14.515753938896129,-18.67338302689358
2662,14.470831721488944,-18.741802590978075
2663,14.425831384090158,-18.810133320035767
2664,14.380753258620409,-18.878373582941197
2665,14.335597678549819,-18.946521750114094
2666,14.290364978914766,-19.01457619356038
2667,14.245055496335139,-19.082535286913178
2668,14.199669569031913,-19.150397405473875
2669,14.15420753684519,-19.21816092625318
2670,14.108669741252625,-19.28582422801219
2671,14.063056525388314,-19.353385691303487
2672,14.01736823406208,-19.420843698512233
2673,13.97160521377926,-19.48819663389728
2674,13.925767812760935,-19.5554428836323
2675,13.879856380964645,-19.6225808358469
2676,13.833871270105556,-19.689608880667766
2677,13.787812833678222,-19.756525410259812
2678,13.74168142697876,-19.823328818867306
2679,13.69547740712762,-19.890017502855045
2680,13.649201133092872,-19.956589860749492
2681,13.602852965714085,-20.023044293279927
2682,13.556433267726733,-20.089379203419618
2683,13.509942403787223,-20.15559299642694
2684,13.463380740498515,-20.221684079886554
2685,13.41674864643638,-20.287650863750542
2686,13.370046492176279,-20.35349176037953
2687,13.323274650320913,-20.419205184583838
2688,13.27643349552844,-20.48478955366459
2689,13.229523404541368,-20.55024328745484
2690,13.182544756216199,-20.615564808360656
2691,13.135497931553783,-20.680752541402228
2692,13.088383313730395,-20.745804914254943
2693,13.041201288129642,-20.81072035729043
2694,12.993952242375132,-20.875497303617625
2695,12.94663656636395,-20.940134189123786
2696,12.89925465230099,-21.004629452515516
2697,12.85180689473416,-21.068981535359747
2698,12.804293690590452,-21.133188882124692
2699,12.756715439212932,-21.197249940220814
2700,12.70907254239868,-21.261163160041733
2701,12.66136540443766,-21.32492699500512
2702,12.613594432152668,-21.388539901593575
2703,12.565760034940169,-21.452000339395454
2704,12.517862624812327,-21.51530677114568
2705,12.469902616439999,-21.578457662766546
2706,12.421880427196946,-21.641451483408414
2707,12.373796477205081,-21.704286705490475
2708,12.325651189380995,-21.766961804741396
2709,12.277444989483637,-21.829475260239967
2710,12.229178306163282,-21.8918255544557
2711,12.18085157101173,-21.95401117328942
2712,12.132465218613907,-22.01603060611373
2713,12.084019686600763,-22.07788234581355
2714,12.035515415703617,-22.139564888826495
2715,11.986952849809931,-22.201076735183328
2716,11.93833243602059,-22.262416388548253
2717,11.889654624708692,-22.323582356259223
2718,11.84091986957996,-22.384573149368197
2719,11.792128627734744,-22.445387282681338
2720,11.743281359731752,-22.50602327479913
2721,11.694378529653461,-22.566479648156495
2722,11.645420605173356,-22.626754929062812
2723,11.596408057625,-22.686847647741903
2724,11.54734136207299,-22.746756338371938
2725,11.49822099738589,-22.80647953912532
2726,11.449047446311177,-22.866015792208444
2727,11.399821195552263,-22.92536364390148
2728,11.350542735847682,-22.984521644598015
2729,11.301212562052479,-23.043488348844658
2730,11.251831173221891,-23.10226231538061
2731,11.20239907269739,-23.160842107177093
2732,11.15291676819517,-23.219226291476787
2733,11.103384771897138,-23.277413439833158
2734,11.053803600544507,-23.335402128149695
2735,11.004173775534063,-23.393190936719115
2736,10.954495823017192,-23.450778450262458
2737,10.904770274001804,-23.50816325796814
2738,10.854997664457157,-23.565343953530878
2739,10.80517853542175,-23.62231913519058
2740,10.755313433114377,-23.679087405771153
2741,10.70540290904843,-23.73564737271916
2742,10.65544752014955,-23.791997648142512
2743,10.605447828876773,-23.84813684884896
2744,10.555404403347225,-23.90406359638456
2745,10.505317817464595,-23.959776517072036
2746,10.455188651051397,-24.01527424204906
2747,10.40501748998522,-24.070555407306422
2748,10.354804926339051,-24.12561865372612
2749,10.304551558525901,-24.180462627119354
2750,10.254257991447764,-24.235085978264433
2751,10.203924836649145,-24.289487362944545
2752,10.153552712475289,-24.343665441985493
2753,10.103142244235245,-24.397618881293276
2754,10.05269406437002,-24.451346351891576
2755,10.00220881262586,-24.50484652995917
2756,9.951687136233,-24.558118096867215
2757,9.90112969008995,-24.61115973921643
2758,9.850537136953585,-24.66397014887415
2759,9.7999101476352,-24.716548023011327
2760,9.749249401202803,-24.768892064139347
2761,9.698555585189787,-24.821000980146795
2762,9.647829395810296,-24.872873484336083
2763,9.597071538181464,-24.924508295459944
2764,9.546282726552823,-24.975904137757837
2765,9.49546368454309,-25.02705974099222
2766,9.444615145384684,-25.077973840484734
2767,9.393737852176141,-25.128645177152183
2768,9.34283255814285,-25.179072497542492
2769,9.29190002690631,-25.229254553870497
2770,9.240941032762283,-25.279190104053576
2771,9.189956360968175,-25.328877911747213
2772,9.138946808039965,-25.378316746380385
2773,9.087913182059062,-25.42750538319085
2774,9.036856302989454,-25.476442603260317
2775,8.985777003005566,-25.525127193549398
2776,8.934676126831162,-25.573557946932553
2777,8.883554532089851,-25.62173366223278
2778,8.832413089667494,-25.66965314425626
2779,8.781252684087043,-25.7173152038268
2780,8.730074213896337,-25.764718657820175
2781,8.678878592069236,-25.811862329198284
2782,8.62766674642079,-25.858745047043225
2783,8.576439620036755,-25.905365646591193
2784,8.525198171718298,-25.951722969266196
2785,8.473943376442248,-25.997815862713697
2786,8.422676225837682,-26.043643180834042
2787,8.371397728679357,-26.089203783815783
2788,8.320108911398787,-26.134496538168833
2789,8.268810818613614,-26.179520316757447
2790,8.217504513675971,-26.22427399883309
2791,8.16619107924066,-26.268756470067125
2792,8.114871617853966,-26.31296662258331
2793,8.063547252563897,-26.356903354990244
2794,8.012219127552683,-26.400565572413505
2795,7.960888408792608,-26.443952186527756
2796,7.909556284725935,-26.487062115588614
2797,7.858223966970098,-26.529894284464383
2798,7.806892691049016,-26.572447624667607
2799,7.755563717151852,-26.614721074386466
2800,7.704238330920094,-26.656713578516012
2801,7.652917844264378,-26.69842408868921
2802,7.601603596212135,-26.739851563307848
2803,7.550296953787434,-26.780994967573193
2804,7.498999312924395,-26.821853273516613
2805,7.447712099415503,-26.862425460029865
2806,7.396436769896382,-26.90271051289532
2807,7.345174812868588,-26.942707424815982
2808,7.293927749761942,-26.982415195445284
2809,7.242697136038228,-27.021832831416766
2810,7.191484562337885,-27.06095934637353
2811,7.140291655671671,-27.099793760997546
2812,7.0891200806591295,-27.13833510303871
2813,7.0379715408159464,-27.17658240734381
2814,6.986847779892235,-27.214534715885225
2815,6.935750583264031,-27.25219107778948
2816,6.884681779380231,-27.289550549365575
2817,6.833643241267435,-27.326612194133176
2818,6.782636888095143,-27.36337508285056
2819,6.731664686803992,-27.3998382935424
2820,6.68072865379973,-27.436000911527348
2821,6.629830856715779,-27.47186202944541
2822,6.578973416247435,-27.50742074728515
2823,6.5281585080607,-27.542676172410662
2824,6.477388364779122,-27.577627419588378
2825,6.4266652780519715,-27.61227361101363
2826,6.37599160070723,-27.64661387633707
2827,6.32536974899317,-27.680647352690844
2828,6.274802204912294,-27.714373184714553
2829,6.224291518651641,-27.747790524581056
2830,6.173840311113579,-27.780898532022025
2831,6.123451276551461,-27.813696374353302
2832,6.073127185314569,-27.84618322650005
2833,6.022870886707031,-27.878358271021717
2834,5.972685311965546,-27.91022069813672
2835,5.922573477360893,-27.941769705747017
2836,5.872538487428464,-27.973004499462363
2837,5.822583538333174,-28.003924292624433
2838,5.77271192137426,-28.03452830633067
2839,5.722927026635718,-28.064815769457958
2840,5.673232346788347,-28.09478591868605
2841,5.623631481049336,-28.12443799852081
2842,5.574128139305773,-28.153771261317168
2843,5.524726146408362,-28.182784967301927
2844,5.475429446641976,-28.21147838459633
2845,5.426242108379669,-28.23985078923835
2846,5.377168328926939,-28.267901465204854
2847,5.328212439563174,-28.295629704433416
2848,5.2793789107871865,-28.323034806844035
2849,5.230672357773877,-28.35011608036051
2850,5.1820975460490395,-28.37687284093168
2851,5.133659397389236,-28.403304412552384
2852,5.085362995953743,-28.42941012728416
2853,5.037213594655278,-28.455189325275807
2854,4.989216621776076,-28.480641354783636
2855,4.941377687835695,-28.50576557219149
2856,4.893702592716461,-28.530561342030587
2857,4.846197333052141,-28.555028036999058
2858,4.7988681098847525,-28.579165037981298
2859,4.751721336593923,-28.602971734067065
2860,4.704763647102219,-28.62644752257033
2861,4.658001904359058,-28.649591809047898
2862,4.61144320910462,-28.67240400731779
2863,4.565094908913858,-28.694883539477374
2864,4.51896460751912,-28.71702983592127
2865,4.473060174408242,-28.738842335358996
2866,4.427389754692771,-28.760320484832384
2867,4.3819617792387415,-28.781463739732747
2868,4.336784975049642,-28.8022715638178
2869,4.291868375888255,-28.822743429228307
2870,4.247221333120654,-28.842878816504562
2871,4.202853526761576,-28.86267721460251
2872,4.158774976696241,-28.882138120909723
2873,4.114996054048776,-28.90126104126107
2874,4.071527492661891,-28.920045489954127
2875,4.02838040064657,-28.938490989764396
2876,3.985566271953814,-28.956597071960186
2877,3.9430969979131523,-28.974363276317344
2878,3.900984878674605,-28.991789151133638
2879,3.859242634482054,-29.008874253242965
2880,3.8178834166962923,-29.02561814802921
2881,3.776920818475795,-29.04202040943997
2882,3.73636888501204,-29.058080619999934
2883,3.6962421232042817,-29.073798370824004
2884,3.656555510646022,-29.089173261630233
2885,3.6173245037818096,-29.10420490075244
2886,3.5785650450791504,-29.118892905152553
2887,3.540293569045405,-29.133236900432802
2888,3.502527006904548,-29.147236520847493
2889,3.4652827897333824,-29.160891409314658
2890,3.428578849841059,-29.174201217427374
2891,3.3924336201609453,-29.187165605464827
2892,3.356866031408839,-29.199784242403148
2893,3.321895506747935,-29.212056805925933
2894,3.287541953688433,-29.223982982434567
2895,3.253825752939189,-29.2355624670582
2896,3.2207677439205136,-29.24679496366357
2897,3.1883892066422894,-29.257680184864427
2898,3.15671183965034,-29.268217852030798
2899,3.125757733747021,-29.27840769529799
2900,3.0955493412009165,-29.288249453575183
2901,3.0661094401749955,-29.29774287455397
2902,3.0374610941245814,-29.306887714716467
2903,3.0096276059458393,-29.315683739343203
2904,2.9826324666935062,-29.324130722520803
2905,2.956499298733981,-29.332228447149262
2906,2.9312517932562088,-29.33997670494913
2907,2.906913642129838,-29.347375296468275
2908,2.883508464176185,-29.354424031088467
2909,2.861059726003822,-29.36112272703162
2910,2.8395906576552106,-29.367471211365885
2911,2.8191241634135875,-29.373469320011313
2912,2.7996827282280137,-29.379116897745373
2913,2.7812883203276164,-29.38441379820815
2914,2.7639622907109627,-29.389359883907286
2915,2.7477252703099047,-29.393955026222578
2916,2.7325970657367966,-29.39819910541048
2917,2.7185965546248485,-29.402092010608104
2918,2.705741581661008,-29.405633639837127
2919,2.694048856484096,-29.40882390000737
2920,2.6835338546756446,-29.411662706920044
2921,2.6742107231021204,-29.414149985270843
2922,2.6660921908730564,-29.416285668652634
2923,2.65918948715786,-29.418069699557982
2924,2.653512267052316,-29.419502029381338
2925,2.6490685466052244,-29.420582618420966
2926,2.6458646480054013,-29.42131143588063
2927,2.6439051557926057,-29.421688459870936
2928,2.6431928847947375,-29.42171367741049
2929,2.6437288603127818,-29.421387084426684
2930,2.645512310878588,-29.420708685756324
2931,2.648540673704946,-29.419678495145856
2932,2.652809612738058,-29.418296535251425
2933,2.6583130490158675,-29.41656283763859
2934,2.665043202837771,-29.414477442781802
2935,2.672990647067823,-29.412040400063596
2936,2.6821443707292776,-29.40925176777353
2937,2.6924918519079646,-29.406111613106756
2938,2.704019138867953,-29.402620012162497
2939,2.716710938197986,-29.398777049942048
2940,2.7305507087515655,-29.394582820346642
2941,2.745520760117458,-29.390037426175013
2942,2.76160235435939,-29.385140979120614
2943,2.7787758097918225,-29.379893599768682
2944,2.797020605609884,-29.374295417592908
2945,2.8163154862628432,-29.36834657095191
2946,2.83663856454766,-29.36204720708544
2947,2.8579674224991893,-29.355397482110224
2948,2.8802792092615674,-29.34839756101566
2949,2.903550735238838,-29.341047617659143
2950,2.9277585619375563,-29.33334783476114
2951,2.9528790870276684,-29.325298403900042
2952,2.97888862425742,-29.31689952550666
2953,3.005763477961782,-29.308151408858528
2954,3.0334800119997665,-29.299054272073892
2955,3.0620147130434034,-29.2896083421054
2956,3.0913442482188143,-29.27981385473361
2957,3.1214455171679854,-29.26967105456013
2958,3.1522956986578174,-29.259180195000553
2959,3.1838722919116202,-29.248341538277078
2960,3.216153152877388,-29.237155355410895
2961,3.24911652567797,-29.225621926214277
2962,3.282741069510985,-29.213741539282417
2963,3.317005881282141,-29.201514491984963
2964,3.3518905142647837,-29.18894109045735
2965,3.387374993082907,-29.176021649591807
2966,3.4234398253136393,-29.162756493028077
2967,3.46006601000116,-29.149145953143982
2968,3.497235043365847,-29.135190371045546
2969,3.5349289219824778,-29.12089009655703
2970,3.573130143688932,-29.106245488210586
2971,3.6118217064732563,-29.091256913235654
2972,3.650987105572387,-29.075924747548175
2973,3.6906103290007115,-29.06024937573941
2974,3.7306758517110388,-29.044231191064622
2975,3.771168628575426,-29.02787059543141
2976,3.812074086357819,-29.011167999387812
2977,3.8533781148361155,-28.994123822110133
2978,3.895067057216672,-28.976738491390552
2979,3.937127699971035,-28.959012443624367
2980,3.9795472622116934,-28.940946123797097
2981,4.0223133847116275,-28.922539985471253
2982,4.065414118661255,-28.903794490772853
2983,4.108837914245776,-28.884710110377718
2984,4.152573609116346,-28.86528732349746
2985,4.196610416819566,-28.845526617865236
2986,4.240937915241712,-28.825428489721233
2987,4.285546035116568,-28.804993443797926
2988,4.3304250486390945,-28.784221993305035
2989,4.375565558221011,-28.763114659914258
2990,4.420958485418951,-28.741671973743756
2991,4.466595060060719,-28.71989447334232
2992,4.512466809591022,-28.697782705673376
2993,4.558565548653937,-28.6753372260987
2994,4.604883368925838,-28.652558598361818
2995,4.651412629209637,-28.629447394571244
2996,4.698145945798219,-28.60600419518347
2997,4.7450761831126815,-28.582229588985594
2998,4.792196444618891,-28.55812417307783
2999,4.839500064024036,-28.5336885528557
