turn,time_sigma_ns,Q1
0,9.16181167837438,-0.0034812389858047254
1,9.16182210362772,-0.0034801760926227686
2,9.161833053117974,-0.0034790566694141547
3,9.161844526707982,-0.003477880731018648
4,9.16185652425444,-0.0034766482929271744
5,9.161869045607856,-0.003475359371283693
6,9.161882090612602,-0.0034740139828825112
7,9.161895659106893,-0.0034726121451694267
8,9.16190975092278,-0.003471153876241029
9,9.161924365886165,-0.00346963919484505
10,9.161939503816816,-0.003468068120378198
11,9.16195516452833,-0.00346644067288898
12,9.161971347828173,-0.003464756873074379
13,9.161988053517678,-0.0034630167422806247
14,9.162005281392037,-0.0034612203025029837
15,9.16202303124031,-0.003459367576385345
16,9.16204130284541,-0.0034574585872203557
17,9.162060095984138,-0.003455493358948073
18,9.162079410427161,-0.0034534719161564815
19,9.162099245939029,-0.003451394284080223
20,9.16211960227817,-0.0034492604886013157
21,9.162140479196895,-0.003447070556247973
22,9.162161876441395,-0.003444824514194901
23,9.162183793751776,-0.0034425223902614997
24,9.162206230862017,-0.0034401642129130187
25,9.162229187500017,-0.003437750011258969
26,9.16225266338755,-0.0034352798150540514
27,9.162276658240312,-0.003432753654696631
28,9.162301171767925,-0.0034301715612276283
29,9.162326203673887,-0.0034275335663329558
30,9.162351753655638,-0.003424839702339785
31,9.162377821404542,-0.0034220900022176068
32,9.162404406605882,-0.003419284499577905
33,9.162431508938877,-0.0034164232286731815
34,9.16245912807666,-0.0034135062243976174
35,9.16248726368634,-0.0034105335222838185
36,9.162515915428939,-0.003407505158506033
37,9.162545082959442,-0.0034044211698765962
38,9.162574765926786,-0.0034012815938469104
39,9.162604963973855,-0.0033980864685071274
40,9.162635676737505,-0.003394835832584846
41,9.162666903848569,-0.003391529725443909
42,9.162698644931826,-0.003388168187086671
43,9.162730899606057,-0.0033847512581500288
44,9.162763667484,-0.003381278979907836
45,9.1627969481724,-0.003377751394268055
46,9.162830741271991,-0.0033741685437730915
47,9.162865046377503,-0.0033705304715995203
48,9.162899863077651,-0.0033668372215580134
49,9.162935190955192,-0.003363088838090502
50,9.162971029586869,-0.003359285366272276
51,9.163007378543462,-0.003355426851809149
52,9.16304423738977,-0.003351513341038577
53,9.163081605684615,-0.003347544880928261
54,9.16311948298086,-0.003343521519075985
55,9.163157868825417,-0.003339443303707826
56,9.163196762759238,-0.003335310283678769
57,9.163236164317325,-0.0033311225084719643
58,9.163276073028763,-0.0033268800281966043
59,9.163316488416667,-0.0033225828935901985
60,9.163357409998254,-0.0033182311560146717
61,9.163398837284804,-0.003313824867457656
62,9.163440769781698,-0.003309364080530996
63,9.163483206988385,-0.003304848848471079
64,9.16352614839843,-0.003300279225136994
65,9.163569593499496,-0.0032956552650103108
66,9.16361354177335,-0.0032909770231948784
67,9.163657992695894,-0.0032862445554144868
68,9.163702945737139,-0.003281457918014402
69,9.163748400361236,-0.0032766171679589583
70,9.16379435602646,-0.0032717223628319124
71,9.163840812185255,-0.0032667735608343206
72,9.16388776828419,-0.0032617708207855456
73,9.163935223764012,-0.003256714202121426
74,9.163983178059624,-0.003251603764893629
75,9.164031630600114,-0.003246439569768591
76,9.164080580808735,-0.003241221678027971
77,9.164130028102937,-0.003235950151566589
78,9.164179971894356,-0.0032306250528927423
79,9.164230411588854,-0.0032252464451254345
80,9.164281346586483,-0.003219814391996123
81,9.164332776281523,-0.003214328957846339
82,9.16438470006247,-0.003208790207627327
83,9.164437117312058,-0.0032031982068996627
84,9.164490027407272,-0.003197553021831015
85,9.164543429719327,-0.0031918547191972656
86,9.164597323613712,-0.0031861033663800695
87,9.164651708450178,-0.0031802990313666043
88,9.164706583582753,-0.003174441782748722
89,9.164761948359727,-0.0031685316897229875
90,9.1648178021237,-0.003162568822087902
91,9.164874144211572,-0.0031565532502443503
92,9.164930973954533,-0.0031504850451948905
93,9.1649882906781,-0.00314436427854218
94,9.165046093702102,-0.003138191022488635
95,9.165104382340717,-0.003131965349834689
96,9.165163155902459,-0.0031256873339787165
97,9.165222413690175,-0.0031193570489164235
98,9.1652821550011,-0.003112974569238414
99,9.165342379126807,-0.0031065399701313283
100,9.165403085353264,-0.0031000533273750582
101,9.165464272960811,-0.00309351471734325
102,9.165525941224185,-0.0030869242170017195
103,9.16558808941254,-0.0030802819039067067
104,9.16565071678942,-0.003073587856205716
105,9.165713822612814,-0.003066842152634926
106,9.165777406135117,-0.003060044872519606
107,9.165841466603185,-0.003053196095771887
108,9.165906003258316,-0.003046295902890156
109,9.165971015336266,-0.0030393443749589886
110,9.166036502067263,-0.003032341593646958
111,9.166102462676003,-0.003025287641206369
112,9.166168896381686,-0.0030181826004717343
113,9.166235802398003,-0.0030110265548592943
114,9.166303179933136,-0.0030038195883663513
115,9.166371028189811,-0.002996561785568487
116,9.166439346365268,-0.002989253231620549
117,9.166508133651284,-0.002981894012254689
118,9.16657738923418,-0.0029744842137795794
119,9.16664711229485,-0.0029670239230784835
120,9.166717302008747,-0.0029595132276095137
121,9.166787957545896,-0.0029519522154042633
122,9.16685907807091,-0.0029443409750664353
123,9.166930662743011,-0.002936679595770646
124,9.167002710716027,-0.002928968167261445
125,9.167075221138402,-0.00292120677985257
126,9.167148193153212,-0.0029133955244256817
127,9.167221625898176,-0.002905534492429166
128,9.167295518505645,-0.0028976237758778257
129,9.16736987010267,-0.0028896634673497685
130,9.167444679810943,-0.002881653659987482
131,9.167519946746857,-0.002873594447495578
132,9.167595670021491,-0.002865485924140235
133,9.167671848740637,-0.0028573281847472445
134,9.167748482004802,-0.0028491213247018574
135,9.167825568909214,-0.002840865439947148
136,9.167903108543845,-0.002832560626983047
137,9.167981099993426,-0.0028242069828646136
138,9.168059542337431,-0.0028158046052022875
139,9.168138434650123,-0.0028073535921588166
140,9.168217776000542,-0.0027988540424497203
141,9.168297565452528,-0.002790306055341106
142,9.168377802064725,-0.002781709730649085
143,9.168458484890603,-0.0027730651687379627
144,9.168539612978465,-0.0027643724705195974
145,9.168621185371434,-0.0027556317374529443
146,9.16870320110751,-0.0027468430715407543
147,9.168785659219555,-0.002738006575330083
148,9.168868558735301,-0.0027291223519108976
149,9.16895189867738,-0.002720190504914093
150,9.169035678063322,-0.0027112111385106637
151,9.169119895905563,-0.0027021843574112233
152,9.16920455121148,-0.0026931102668631968
153,9.169289642983381,-0.002683988972651079
154,9.169375170218519,-0.002674820581094564
155,9.169461131909127,-0.002665605199046564
156,9.169547527042383,-0.002656342933894417
157,9.169634354600491,-0.002647033893554577
158,9.16972161356062,-0.002637678186476009
159,9.169809302894977,-0.002628275921634831
160,9.169897421570779,-0.002618827208535822
161,9.169985968550291,-0.002609332157209512
162,9.170074942790821,-0.002599790878211886
163,9.170164343244744,-0.002590203482622662
164,9.170254168859511,-0.002580570082043844
165,9.170344418577661,-0.002570890788598792
166,9.17043509133684,-0.0025611657149303304
167,9.1705261860698,-0.002551394974200367
168,9.170617701704426,-0.002541578680087732
169,9.170709637163737,-0.0025317169467877544
170,9.170801991365916,-0.0025218098890093634
171,9.170894763224311,-0.0025118576219752336
172,9.170987951647449,-0.002501860261419867
173,9.171081555539054,-0.002491817923588089
174,9.171175573798044,-0.002481730725234669
175,9.171270005318576,-0.002471598783621229
176,9.171364848990029,-0.002461422216516434
177,9.171460103697033,-0.0024512011421939377
178,9.171555768319488,-0.002440935679430774
179,9.17165184173255,-0.0024306259475070334
180,9.171748322806673,-0.002420272066203217
181,9.171845210407614,-0.00240987415579988
182,9.171942503396451,-0.0023994323370750115
183,9.17204020062958,-0.002388946731304221
184,9.172138300958743,-0.002378417460257955
185,9.172236803231058,-0.0023678446462003675
186,9.172335706288992,-0.0023572284118887113
187,9.172435008970394,-0.0023465688805719017
188,9.172534710108541,-0.002335866175986892
189,9.172634808532102,-0.002325120422360321
190,9.172735303065176,-0.002314331744405242
191,9.172836192527308,-0.0023035002673199977
192,9.172937475733487,-0.0022926261167876016
193,9.173039151494203,-0.0022817094189722226
194,9.173141218615408,-0.0022707503005198405
195,9.173243675898547,-0.0022597488885564587
196,9.173346522140601,-0.0022487053106854797
197,9.17344975613406,-0.0022376196949878513
198,9.173553376666975,-0.0022264921700182556
199,9.173657382522935,-0.002215322864806634
200,9.173761772481114,-0.002204111908854407
201,9.17386654531628,-0.0021928594321335986
202,9.173971699798791,-0.0021815655650855056
203,9.174077234694625,-0.002170230438619522
204,9.174183148765394,-0.0021588541841110398
205,9.174289440768348,-0.0021474369334003635
206,9.174396109456415,-0.0021359788187907095
207,9.174503153578192,-0.002124479973046911
208,9.174610571877956,-0.0021129405293947093
209,9.174718363095709,-0.002101360621517826
210,9.174826525967159,-0.002089740383557554
211,9.174935059223762,-0.002078079950110335
212,9.17504396159273,-0.0020663794562267054
213,9.175153231797035,-0.0020546390374098097
214,9.175262868555437,-0.0020428588296134828
215,9.175372870582487,-0.0020310389692416476
216,9.175483236588557,-0.0020191795931453894
217,9.175593965279841,-0.00200728083862259
218,9.175705055358382,-0.001995342843415552
219,9.175816505522095,-0.0019833657457092118
220,9.17592831446475,-0.001971349684131099
221,9.176040480876033,-0.0019592947977474756
222,9.176153003441511,-0.0019472012260642508
223,9.176265880842696,-0.001935069109023268
224,9.176379111757027,-0.0019228985870018667
225,9.176492694857904,-0.0019106898008107863
226,9.17660662881469,-0.0018984428916933975
227,9.176720912292755,-0.0018861580013220965
228,9.176835543953446,-0.0018738352717993648
229,9.176950522454147,-0.001861474845654249
230,9.177065846448267,-0.0018490768658414568
231,9.177181514585268,-0.0018366414757396725
232,9.177297525510678,-0.001824168819149957
233,9.177413877866117,-0.0018116590402933
234,9.17753057028929,-0.001799112283810674
235,9.177647601414032,-0.0017865286947598002
236,9.1777649698703,-0.0017739084186142436
237,9.177882674284207,-0.0017612516012613544
238,9.17800071327803,-0.001748558389001328
239,9.178119085470215,-0.0017358289285450959
240,9.178237789475425,-0.0017230633670120262
241,9.17835682390452,-0.0017102618519297863
242,9.178476187364605,-0.0016974245312310788
243,9.178595878459024,-0.0016845515532528822
244,9.17871589578738,-0.001671643066734937
245,9.17883623794558,-0.0016586992208166172
246,9.178956903525801,-0.0016457201650374217
247,9.179077891116547,-0.0016327060493338222
248,9.17919919930265,-0.0016196570240377287
249,9.179320826665293,-0.0016065732398749858
250,9.17944277178202,-0.0015934548479638593
251,9.179565033226764,-0.0015803019998126807
252,9.179687609569854,-0.0015671148473186342
253,9.179810499378021,-0.0015538935427666385
254,9.179933701214452,-0.001540638238826132
255,9.180057213638767,-0.0015273490885504997
256,9.180181035207049,-0.0015140262453754495
257,9.180305164471887,-0.0015006698631158115
258,9.180429599982345,-0.0014872800959660239
259,9.180554340284028,-0.0014738570984961662
260,9.180679383919058,-0.001460401025651951
261,9.180804729426123,-0.0014469120327518844
262,9.180930375340475,-0.0014333902754861058
263,9.18105632019395,-0.001419835909914738
264,9.181182562514998,-0.001406249092465046
265,9.181309100828686,-0.0013926299799309448
266,9.181435933656722,-0.0013789787294707977
267,9.18156305951747,-0.001365295498605469
268,9.181690476925978,-0.001351580445216343
269,9.181818184393965,-0.0013378337275445921
270,9.181946180429879,-0.0013240555041882595
271,9.182074463538893,-0.0013102459341005914
272,9.182203032222915,-0.0012964051765893046
273,9.182331884980629,-0.0012825333913132622
274,9.18246102030749,-0.0012686307382819887
275,9.182590436695763,-0.0012546973778527072
276,9.18272013263451,-0.001240733470730376
277,9.182850106609646,-0.0012267391779631862
278,9.182980357103935,-0.0012127146609429982
279,9.183110882596992,-0.0011986600814033067
280,9.18324168156536,-0.0011845756014151319
281,9.183372752482441,-0.0011704613833889337
282,9.183504093818591,-0.001156317590069703
283,9.183635704041093,-0.0011421443845367712
284,9.1837675816142,-0.0011279419302008282
285,9.183899724999137,-0.0011137103908034224
286,9.184032132654137,-0.0010994499304131946
287,9.184164803034433,-0.0010851607134264776
288,9.184297734592288,-0.0010708429045641812
289,9.18443092577703,-0.0010564966688691542
290,9.184564375035043,-0.0010421221717058862
291,9.184698080809811,-0.0010277195787573702
292,9.184832041541908,-0.001013289056024531
293,9.184966255669046,-0.0009988307698228535
294,9.185100721626078,-0.0009843448867814576
295,9.185235437845,-0.0009698315738419312
296,9.18537040275501,-0.000955290998254412
297,9.185505614782494,-0.0009407233275776017
298,9.185641072351048,-0.0009261287296760548
299,9.18577677388151,-0.0009115073727186421
300,9.185912717791966,-0.0008968594251761617
301,9.186048902497777,-0.0008821850558199696
302,9.186185326411598,-0.0008674844337196116
303,9.18632198794338,-0.0008527577282415823
304,9.186458885500418,-0.0008380051090465621
305,9.18659601748734,-0.0008232267460885962
306,9.186733382306148,-0.0008084228096118961
307,9.186870978356216,-0.0007935934701504326
308,9.187008804034328,-0.0007787388985249905
309,9.187146857734687,-0.0007638592658411398
310,9.187285137848944,-0.0007489547434878014
311,9.187423642766191,-0.0007340255031358119
312,9.187562370873012,-0.0007190717167347476
313,9.187701320553481,-0.0007040935565119882
314,9.187840490189192,-0.0006890911949703614
315,9.187979878159263,-0.0006740648048865239
316,9.188119482840378,-0.000659014559308526
317,9.188259302606784,-0.0006439406315544769
318,9.188399335830322,-0.000628843195210342
319,9.188539580880445,-0.00061372242412763
320,9.188680036124234,-0.0005985784924221256
321,9.188820699926408,-0.0005834115744718822
322,9.188961570649374,-0.000568221844914276
323,9.189102646653211,-0.0005530094786453274
324,9.1892439262957,-0.0005377746508174409
325,9.189385407932363,-0.0005225175368366017
326,9.189527089916453,-0.0005072383123614234
327,9.189668970598975,-0.0004919371533014505
328,9.189811048328748,-0.0004766142358130928
329,9.189953321452363,-0.000461269736300509
330,9.190095788314244,-0.000445903831411724
331,9.19023844725666,-0.00043051669803700817
332,9.190381296619726,-0.00041510851330751707
333,9.19052433474144,-0.0003996794545930232
334,9.190667559957706,-0.00038422969949913915
335,9.190810970602339,-0.00036875942586663923
336,9.19095456500709,-0.00035326881176847173
337,9.191098341501668,-0.00033775803550830405
338,9.191242298413755,-0.00032222727561873087
339,9.191386434069035,-0.0003066767108582692
340,9.191530746791194,-0.0002911065202105034
341,9.191675234901972,-0.0002755168828813897
342,9.191819896721139,-0.00025990797829780483
343,9.191964730566546,-0.00024427998610534443
344,9.192109734754146,-0.00022863308616565697
345,9.192254907597993,-0.00021296745855551365
346,9.19240024741028,-0.00019728328356401014
347,9.19254575250134,-0.00018158074169119
348,9.192691421179687,-0.0001658600136454595
349,9.19283725175203,-0.00015012128034143154
350,9.192983242523272,-0.0001343647228989324
351,9.19312939179656,-0.00011859052264014949
352,9.193275697873267,-0.00010279886108842256
353,9.193422159053078,-8.698991996370697e-05
354,9.193568773633922,-7.116388118469015e-05
355,9.19371553991206,-5.532092686342214e-05
356,9.193862456182078,-3.946123930417933e-05
357,9.194009520736909,-2.3585001002342488e-05
358,9.19415673186785,-7.692394641125055e-06
359,9.19430408786459,8.216396909479329e-06
360,9.194451587015221,2.4141190595357464e-05
361,9.19459922760627,4.008180318024017e-05
362,9.194747007922691,5.603805124693473e-05
363,9.194894926247933,7.200975120105344e-05
364,9.195042980863906,8.799671927116535e-05
365,9.195191170051046,0.00010399877151243437
366,9.195339492088307,0.00012001572380752598
367,9.195487945253188,0.0001360473918692911
368,9.195636527821746,0.00015209359124192278
369,9.195785238068634,0.00016815413730428679
370,9.19593407426711,0.00018422884527131124
371,9.196083034689062,0.00020031753019640188
372,9.196232117605014,0.00021642000697253536
373,9.196381321284157,0.00023253609033529514
374,9.196530643994377,0.00024866559486473225
375,9.19668008400226,0.00026480833498750844
376,9.196829639573105,0.00028096412497764274
377,9.196979308970981,0.00029713277896113493
378,9.197129090458702,0.00031331411091572526
379,9.197278982297876,0.00032950793467382866
380,9.197428982748914,0.00034571406392509954
381,9.197579090071056,0.0003619323122174259
382,9.197729302522378,0.0003781624929595937
383,9.197879618359847,0.00039440441942454186
384,9.198030035839286,0.0004106579047486889
385,9.198180553215444,0.000426922761936472
386,9.198331168741975,0.0004431988038606842
387,9.198481880671498,0.0004594858432661917
388,9.198632687255591,0.000475783692770916
389,9.198783586744824,0.0004920921648683441
390,9.198934577388767,0.0005084110719295179
391,9.199085657436015,0.0005247402262046069
392,9.199236825134216,0.0005410794398259614
393,9.199388078730074,0.0005574285248091566
394,9.199539416469394,0.0005737872930565192
395,9.19969083659708,0.0005901555563576353
396,9.199842337357161,0.0006065331263921718
397,9.19999391699282,0.0006229198147324495
398,9.200145573746408,0.0006393154328445483
399,9.200297305859454,0.0006557197920909328
400,9.200449111572695,0.0006721327037320938
401,9.200600989126109,0.0006885539789300484
402,9.200752936758905,0.0007049834287485673
403,9.200904952709575,0.0007214208641563038
404,9.201057035215902,0.0007378660960296949
405,9.20120918251496,0.0007543189351525203
406,9.201361392843166,0.0007707791922206778
407,9.20151366443628,0.0007872466778429096
408,9.201665995529442,0.0008037212025433104
409,9.201818384357162,0.000820202576762923
410,9.201970829153375,0.0008366906108625592
411,9.202123328151446,0.0008531851151248572
412,9.202275879584185,0.0008696858997556759
413,9.202428481683864,0.0008861927748863147
414,9.20258113268227,0.0009027055505773721
415,9.202733830810672,0.000919224036817538
416,9.2028865742999,0.0009357480435294727
417,9.20303936138031,0.0009522773805687575
418,9.203192190281845,0.0009688118577281516
419,9.203345059234032,0.0009853512847383097
420,9.203497966466012,0.0010018954712705192
421,9.203650910206562,0.0010184442269392535
422,9.203803888684101,0.0010349973613027438
423,9.203956900126743,0.0010515546838679312
424,9.204109942762264,0.0010681160040887107
425,9.204263014818183,0.0010846811313718918
426,9.204416114521734,0.0011012498750766107
427,9.20456924009991,0.0011178220445176358
428,9.204722389779473,0.0011343974489669687
429,9.204875561786995,0.0011509758976572014
430,9.205028754348843,0.001167557199781611
431,9.205181965691237,0.0011841411644982723
432,9.205335194040241,0.0012007276009309298
433,9.205488437621788,0.0012173163181709943
434,9.205641694661729,0.0012339071252812225
435,9.205794963385799,0.0012504998312953338
436,9.205948242019694,0.0012670942452229685
437,9.206101528789063,0.001283690176049746
438,9.206254821919531,0.001300287432740678
439,9.2064081196367,0.0013168858242403286
440,9.206561420166214,0.0013334851594775671
441,9.206714721733741,0.0013500852473658873
442,9.206868022565002,0.0013666858968059315
443,9.207021320885811,0.0013832869166883921
444,9.207174614922073,0.001399888115895269
445,9.207327902899804,0.0014164893033018775
446,9.207481183045168,0.0014330902877797693
447,9.207634453584483,0.0014496908781985258
448,9.207787712744235,0.0014662908834268485
449,9.207940958751129,0.0014828901123369789
450,9.208094189832071,0.0014994883738045442
451,9.208247404214212,0.0015160854767117334
452,9.20840060012497,0.0015326812299500988
453,9.208553775792018,0.0015492754424202627
454,9.208706929443355,0.0015658679230376154
455,9.20886005930729,0.0015824584807314225
456,9.209013163612473,0.0015990469244486032
457,9.209166240587914,0.0016156330631551708
458,9.209319288462984,0.0016322167058374969
459,9.20947230546748,0.00164879766150694
460,9.20962528983162,0.0016653757392003803
461,9.209778239786036,0.0016819507479812433
462,9.209931153561843,0.0016985224969440185
463,9.210084029390627,0.0017150907952147517
464,9.210236865504475,0.0017316554519537142
465,9.210389660136002,0.001748216276357691
466,9.210542411518349,0.0017647730776613685
467,9.21069511788522,0.0017813256651401307
468,9.210847777470919,0.0017978738481126161
469,9.211000388510332,0.0018144174359419481
470,9.21115294923897,0.0018309562380380584
471,9.211305457892975,0.001847490063859336
472,9.21145791270918,0.001864018722917389
473,9.211610311925055,0.0018805420247744202
474,9.211762653778807,0.0018970597790503284
475,9.211914936509347,0.0019135717954215077
476,9.212067158356334,0.0019300778836246998
477,9.21221931756017,0.001946577853457321
478,9.212371412362055,0.0019630715147818958
479,9.212523441003988,0.0019795586775269137
480,9.21267540172878,0.00199603915168862
481,9.212827292780098,0.0020125127473342034
482,9.21297911240244,0.002028979274602524
483,9.213130858841215,0.0020454385437078514
484,9.213282530342711,0.0020618903649407007
485,9.21343412515414,0.002078334548670381
486,9.213585641523668,0.002094770905347879
487,9.213737077700392,0.002111199245506026
488,9.21388843193441,0.0021276193797637884
489,9.214039702476816,0.002144031118827474
490,9.214190887579711,0.002160434273492307
491,9.214341985496246,0.0021768286546453653
492,9.21449299448063,0.0021932140732679527
493,9.214643912788143,0.0022095903404363505
494,9.214794738675161,0.0022259572673249254
495,9.214945470399185,0.0022423146652082475
496,9.21509610621885,0.002258662345463292
497,9.215246644393943,0.002275000119570832
498,9.21539708318544,0.0022913277991187387
499,9.2155474208555,0.0023076451958025934
500,9.215697655667492,0.00232395212142874
501,9.215847785886046,0.0023402483937548977
502,9.215997809755795,0.002356533834153623
503,9.21614772548024,0.002372808259455592
504,9.216297531221786,0.0023890714819533934
505,9.216447225101815,0.0024053233094081094
506,9.216596805200746,0.002421563545053788
507,9.216746269558088,0.002437791987603193
508,9.21689561617252,0.002454008431253463
509,9.217044843001936,0.002470212665690822
510,9.217193947963532,0.0024864044760972486
511,9.217342928933828,0.0025025836431541515
512,9.217491783748788,0.002518749943049715
513,9.217640510203843,0.002534903147483144
514,9.21778910605397,0.002551043023670711
515,9.217937569013758,0.002567169334350837
516,9.21808589675748,0.0025832818377906287
517,9.21823408691915,0.0025993802877906647
518,9.218382137092599,0.0026154644336905705
519,9.218530044831528,0.002631534020374908
520,9.218677807649605,0.002647588788279273
521,9.218825423020492,0.0026636284733948306
522,9.218972888377971,0.0026796528072758354
523,9.219120201115947,0.0026956615170428528
524,9.219267358588567,0.002711654325390639
525,9.219414358110281,0.0027276309505935635
526,9.219561196955908,0.0027435911065104863
527,9.219707872360686,0.002759534502590811
528,9.21985438152039,0.0027754608438812496
529,9.22000072159137,0.0027913698310308506
530,9.220146889690641,0.002807261160297352
531,9.220292882895942,0.0028231345235525092
532,9.220438698245808,0.0028389896082880233
533,9.220584332739671,0.0028548260976224904
534,9.220729783337914,0.0028706436703066986
535,9.220875046961936,0.002886442000728995
536,9.22102012049426,0.002902220758922826
537,9.221165000778575,0.0029179796105713923
538,9.221309684619847,0.0029337182170150146
539,9.221454168784355,0.0029494362352557473
540,9.221598449999801,0.0029651333179644616
541,9.22174252495538,0.002980809113486974
542,9.221886390301856,0.002996463265850341
543,9.222030042651635,0.003012095414768307
544,9.222173478578858,0.003027705195648446
545,9.222316694619472,0.003043292239597873
546,9.222459687271304,0.0030588561734294457
547,9.222602452994161,0.0030743966196688545
548,9.222744988209872,0.003089913196558921
549,9.222887289302438,0.0031054055180694414
550,9.223029352618042,0.003120873193900287
551,9.223171174465172,0.003136315829489279
552,9.22331275111469,0.0031517330260184173
553,9.22345407879993,0.003167124380420685
554,9.223595153716767,0.003182489485386341
555,9.2237359720237,0.0031978279293687233
556,9.223876529841945,0.0032131392965915133
557,9.224016823255518,0.0032284231670555003
558,9.224156848311317,0.0032436791165444943
559,9.224296601019217,0.003258906716632667
560,9.224436077352141,0.0032741055346902585
561,9.224575273246156,0.003289275133891202
562,9.22471418460057,0.0033044150732196974
563,9.224852807278008,0.0033195249074767885
564,9.224991137104503,0.003334604187286876
565,9.22512916986957,0.0033496524591045225
566,9.225266901326327,0.003364669265221663
567,9.225404327191558,0.003379654143774659
568,9.225541443145799,0.0033946066287496033
569,9.225678244833468,0.0034095262499920223
570,9.225814727862902,0.0034244125332108482
571,9.225950887806489,0.0034392649999875056
572,9.226086720200737,0.003454083167781821
573,9.226222220546386,0.003468866549939889
574,9.226357384308475,0.003483614655699995
575,9.226492206916449,0.003498326990200272
576,9.226626683764259,0.0035130030544864668
577,9.226760810210445,0.003527642345518231
578,9.226894581578227,0.00354224435617626
579,9.22702799315562,0.0035568085752704427
580,9.227161040195503,0.0035713344875459014
581,9.227293717915737,0.00358582157369161
582,9.227426021499236,0.0036002693103457375
583,9.227557946094077,0.0036146771701045673
584,9.227689486813606,0.003629044621529765
585,9.227820638736523,0.003643371129155273
586,9.227951396906985,0.003657656153495106
587,9.2280817563347,0.003671899151050539
588,9.228211711995032,0.0036860995743181477
589,9.22834125882907,0.003700256871795292
590,9.228470391743777,0.0037143704879907206
591,9.228599105612052,0.0037284398634303494
592,9.228727395272847,0.0037424644346651455
593,9.22885525553126,0.003756443634278778
594,9.228982681158643,0.0037703768908959106
595,9.229109666892683,0.0037842636291884175
596,9.229236207437527,0.003798103269884622
597,9.229362297463883,0.003811895229776907
598,9.229487931609103,0.0038256389217286644
599,9.229613104477314,0.003839333754683514
600,9.229737810639481,0.0038529791336713148
601,9.229862044633547,0.0038665744598173667
602,9.229985800964531,0.003880119130351069
603,9.230109074104602,0.0038936125386112236
604,9.230231858493243,0.003907054074057996
605,9.230354148537286,0.003920443122277163
606,9.230475938611074,0.003933779064990458
607,9.230597223056542,0.0039470612800634455
608,9.230717996183305,0.003960289141512077
609,9.230838252268827,0.003973462019514022
610,9.230957985558444,0.003986579280413402
611,9.231077190265546,0.0039996402867316675
612,9.231195860571631,0.00401264439717421
613,9.231313990626456,0.004025590966640283
614,9.231431574548107,0.0040384793462297465
615,9.231548606423148,0.004051308883253121
616,9.23166508030669,0.004064078921238637
617,9.231780990222529,0.0040767887999413185
618,9.231896330163236,0.004089437855351279
619,9.232011094090293,0.004102025419703106
620,9.232125275934191,0.004114550821483858
621,9.232238869594534,0.00412701338544156
622,9.23235186894015,0.00413941243259351
623,9.232464267809224,0.004151747280236367
624,9.232576060009379,0.004164017241953184
625,9.232687239317828,0.004176221627624058
626,9.232797799481448,0.004188359743433341
627,9.232907734216923,0.004200430891879515
628,9.233017037210843,0.004212434371783746
629,9.233125702119816,0.004224369478298415
630,9.233233722570594,0.00423623550291702
631,9.23334109216018,0.00424803173348225
632,9.233447804455958,0.0042597574541965695
633,9.233553852995787,0.0042714119456294525
634,9.23365923128813,0.004282994484727699
635,9.233763932812161,0.004294504344823708
636,9.233867951017896,0.004305940795645648
637,9.233971279326301,0.004317303103326657
638,9.234073911129412,0.004328590530413469
639,9.234175839790465,0.004339802335876741
640,9.23427705864399,0.004350937775119457
641,9.234377560995945,0.004361996099986809
642,9.234477340123838,0.004372976558775938
643,9.234576389276837,0.004383878396244712
644,9.234674701675889,0.00439470085362169
645,9.234772270513853,0.004405443168616101
646,9.234869088955616,0.004416104575427269
647,9.23496515013821,0.004426684304754092
648,9.235060447170929,0.004437181583804446
649,9.235154973135465,0.004447595636306086
650,9.235248721086016,0.004457925682515122
651,9.235341684049404,0.0044681709392262675
652,9.23543385502523,0.004478330619783964
653,9.235525226985954,0.004488403934090261
654,9.235615792877056,0.004498390088616684
655,9.235705545617135,0.00450828828641315
656,9.235794478098029,0.004518097727117585
657,9.23588258318498,0.0045278176069682135
658,9.235969853716709,0.004537447118811218
659,9.236056282505565,0.004546985452112257
660,9.236141862337668,0.004556431792967134
661,9.236226585972986,0.004565785324110217
662,9.236310446145508,0.00457504522492689
663,9.236393435563354,0.0045842106714628445
664,9.236475546908895,0.0045932808364346185
665,9.236556772838894,0.004602254889240309
666,9.23663710598462,0.004611131995969882
667,9.236716538951985,0.004619911319415666
668,9.236795064321656,0.004628592019082738
669,9.236872674649225,0.004637173251201119
670,9.236949362465285,0.0046456541687341125
671,9.237025120275597,0.004654033921390693
672,9.237099940561201,0.004662311655635984
673,9.237173815778556,0.004670486514701712
674,9.237246738359667,0.0046785576385975905
675,9.23731870071221,0.004686524164121815
676,9.237389695219674,0.004694385224872552
677,9.237459714241488,0.004702139951258582
678,9.237528750113142,0.004709787470510252
679,9.23759679514633,0.0047173269066907815
680,9.23766384162908,0.00472475738070773
681,9.237729881825896,0.004732078010323941
682,9.237794907977868,0.004739287910168546
683,9.237858912302835,0.004746386191749336
684,9.237921886995487,0.004753371963462588
685,9.237983824227523,0.004760244330605625
686,9.238044716147776,0.00476700239538796
687,9.238104554882348,0.004773645256942625
688,9.238163332534738,0.004780172011337819
689,9.238221041185996,0.004786581751588894
690,9.238277672894842,0.004792873567669738
691,9.23833321969781,0.004799046546524391
692,9.238387673609362,0.00480509977207807
693,9.238441026622068,0.0048110323252512025
694,9.238493270706716,0.00481684328396936
695,9.238544397812438,0.004822531723175496
696,9.238594399866864,0.00482809671484203
697,9.23864326877626,0.004833537327983314
698,9.23869099642566,0.004838852628666909
699,9.238737574679007,0.004844041680026622
700,9.238782995379287,0.004849103542273518
701,9.238827250348688,0.004854037272709877
702,9.238870331388709,0.004858841925739594
703,9.23891223028031,0.004863516552881078
704,9.23895293878407,0.004868060202780658
705,9.238992448640309,0.004872471921223751
706,9.239030751569219,0.004876750751147562
707,9.239067839271033,0.004880895732654104
708,9.23910370342615,0.004884905903022585
709,9.239138335695273,0.004888780296722116
710,9.239171727719564,0.0048925179454242925
711,9.239203871120758,0.004896117878014904
712,9.23923475750134,0.0048995791206089155
713,9.239264378444682,0.0049029006965623555
714,9.239292725515153,0.004906081626483726
715,9.239319790258289,0.004909120928248731
716,9.23934556420095,0.004912017617013267
717,9.239370038851424,0.004914770705225431
718,9.239393205699614,0.004917379202639584
719,9.23941505621714,0.004919842116328766
720,9.239435581857528,0.004922158450698683
721,9.23945477405631,0.004924327207500203
722,9.239472624231212,0.004926347385843406
723,9.23948912378226,0.004928217982210568
724,9.239504264091964,0.004929937990469867
725,9.239518036525418,0.0049315064018877735
726,9.239530432430506,0.0049329222051449914
727,9.239541443137982,0.004934184386347308
728,9.239551059961672,0.004935291929041134
729,9.239559274198589,0.004936243814226395
730,9.239566077129101,0.004937039020371037
731,9.239571460017062,0.004937676523423939
732,9.23957541410997,0.004938155296829521
733,9.239577930639104,0.004938474311540844
734,9.23957900081968,0.004938632536034173
735,9.239578615851011,0.0049386289363236215
736,9.239576766916638,0.004938462475974244
737,9.239573445184481,0.00493813211611632
738,9.239568641807013,0.004937636815460611
739,9.239562347921368,0.0049369755303109615
740,9.239554554649533,0.004936147214580617
741,9.239545253098472,0.00493515081980462
742,9.239534434360282,0.004933985295155727
743,9.239522089512356,0.004932649587458444
744,9.239508209617513,0.004931142641202919
745,9.239492785724156,0.004929463398560303
746,9.239475808866452,0.004927610799398039
747,9.239457270064444,0.004925583781293186
748,9.239437160324218,0.004923381279547912
749,9.239415470638074,0.004921002227204704
750,9.239392191984646,0.004918445555060657
751,9.239367315329085,0.004915710191682878
752,9.239340831623194,0.004912795063423273
753,9.239312731805581,0.004909699094433422
754,9.239283006801823,0.004906421206680051
755,9.239251647524618,0.004902960319960264
756,9.239218644873937,0.0048993153519170515
757,9.239183989737178,0.004895485218053952
758,9.239147672989317,0.004891468831750531
759,9.239109685493078,0.00488726510427858
760,9.239070018099065,0.004882872944816373
761,9.239028661645943,0.004878291260465708
762,9.23898560696057,0.004873518956265999
763,9.238940844858176,0.004868554935211284
764,9.238894366142503,0.004863398098265117
765,9.23884616160596,0.004858047344376389
766,9.238796222029798,0.004852501570495751
767,9.238744538184257,0.004846759671591522
768,9.238691100828714,0.004840820540664777
769,9.23863590071185,0.004834683068765868
770,9.23857892857181,0.004828346145011065
771,9.23852017513635,0.004821808656597546
772,9.238459631123014,0.004815069488821099
773,9.23839728723927,0.004808127525090912
774,9.238333134182698,0.004800981646947379
775,9.238267162641105,0.0047936307340765635
776,9.238199363292738,0.004786073664329245
777,9.238129726806402,0.004778309313734859
778,9.238058243841635,0.004770336556519743
779,9.237984905048863,0.004762154265122851
780,9.23790970106958,0.00475376131021378
781,9.237832622536475,0.004745156560707473
782,9.237753660073624,0.004736338883783028
783,9.237672804296624,0.004727307144899087
784,9.237590045812762,0.004718060207811176
785,9.237505375221225,0.004708596934590901
786,9.237418783113156,0.0046989161856383545
787,9.237330260071925,0.004689016819703923
788,9.237239796673213,0.004678897693902368
789,9.237147383485237,0.004668557663732266
790,9.237053011068852,0.004657995583091384
791,9.236956669977765,0.004647210304295985
792,9.23685835075866,0.004636200678096025
793,9.236758043951385,0.004624965553694983
794,9.2366557400891,0.004613503778765413
795,9.236551429698455,0.00460181419946791
796,9.236445103299745,0.004589895660468629
797,9.23633675140706,0.004577747004955646
798,9.23622636452849,0.004565367074659199
799,9.236113933166251,0.004552754709867774
800,9.235999447816866,0.004539908749446243
801,9.235882898971312,0.004526828030853987
802,9.235764277115234,0.0045135113901643275
803,9.235643572729046,0.004499957662080159
804,9.23552077628813,0.004486165679953363
805,9.235395878263006,0.004472134275803577
806,9.235268869119485,0.004457862280335843
807,9.235139739318855,0.004443348522959533
808,9.23500847931801,0.0044285918318056955
809,9.234875079569655,0.0044135910337466736
810,9.234739530522454,0.0043983449544143256
811,9.234601822621196,0.0043828524182181906
812,9.234461946306972,0.004367112248364821
813,9.23431989201733,0.004351123266876166
814,9.234175650186447,0.004334884294607977
815,9.234029211245318,0.004318394151270446
816,9.233880565621883,0.004301651655444583
817,9.23372970374123,0.004284655624603403
818,9.233576616025733,0.00426740487512885
819,9.233421292895269,0.004249898222333832
820,9.233263724767323,0.004232134480478207
821,9.2331039020572,0.0042141124627900544
822,9.232941815178204,0.004195830981485372
823,9.232777454541758,0.004177288847785133
824,9.232610810557619,0.004158484871936978
825,9.23244187363402,0.004139417863233409
826,9.232270634177864,0.004120086630032343
827,9.232097082594873,0.0041004899797759875
828,9.231921209289776,0.004080626719011132
829,9.23174300466645,0.004060495653407369
830,9.231562459128133,0.004040095587779603
831,9.231379563077567,0.004019425326105708
832,9.231194306917171,0.003998483671547243
833,9.231006681049202,0.0039772694264686844
834,9.230816675875959,0.003955781392458946
835,9.230624281799926,0.003934018370350464
836,9.230429489223964,0.003911979160240178
837,9.230232288551463,0.0038896625615086073
838,9.230032670186526,0.0038670673728413347
839,9.229830624534134,0.003844192392248282
840,9.229626142000336,0.0038210364170855825
841,9.229419212992392,0.0037975982440743754
842,9.229209827918972,0.003773876669323025
843,9.228997977190323,0.003749870488346676
844,9.228783651218425,0.003725578496088
845,9.228566840417184,0.00370099948693816
846,9.228347535202612,0.0036761322547586984
847,9.22812572599297,0.0036509755929001473
848,9.22790140320897,0.003625528294224943
849,9.227674557273943,0.0035997891511279426
850,9.227445178613994,0.0035737569555562344
851,9.22721325765819,0.0035474304990316184
852,9.22697878483876,0.0035208085726722233
853,9.22674175059123,0.003493889967212948
854,9.226502145354612,0.0034666734730259613
855,9.226259959571577,0.0034391578801433297
856,9.22601518368864,0.0034113419782782544
857,9.22576780815633,0.003383224556846662
858,9.22551782342936,0.003354804404987907
859,9.225265219966806,0.003326080311587485
860,9.225009988232294,0.0032970510652982833
861,9.22475211869415,0.003267715454562146
862,9.224491601825596,0.0032380722676313427
863,9.224228428104933,0.0032081202925919286
864,9.22396258801568,0.0031778583173834845
865,9.223694072046818,0.003147285129823927
866,9.223422870692879,0.0031163995176281965
867,9.223148974454196,0.0030852002684330164
868,9.222872373837046,0.003053686169818002
869,9.222593059353844,0.003021856009328794
870,9.222311021523296,0.0029897085744977525
871,9.222026250870602,0.002957242652867506
872,9.22173873792762,0.002924457032013448
873,9.221448473233037,0.0028913504995652746
874,9.221155447332578,0.0028579218432309376
875,9.220859650779127,0.0028241698508170224
876,9.22056107413297,0.00279009331025414
877,9.220259707961933,0.002755691009617974
878,9.219955542841577,0.0027209617371525803
879,9.219648569355364,0.0026859042812928165
880,9.219338778094833,0.0026505174306871793
881,9.219026159659808,0.002614799974221901
882,9.218710704658546,0.002578750701042916
883,9.218392403707929,0.0025423684005789634
884,9.218071247433638,0.0025056518625653206
885,9.217747226470335,0.0024685998770662214
886,9.217420331461852,0.0024312112344991844
887,9.217090553061354,0.002393484725657424
888,9.216757881931526,0.002355419141733347
889,9.21642230874476,0.002317013274342504
890,9.216083824183318,0.0022782659155467554
891,9.215742418939529,0.00223917585787738
892,9.215398083715963,0.0021997418943597523
893,9.21505080922562,0.0021599628185367662
894,9.214700586192077,0.002119837424490801
895,9.214347405349713,0.002079364506870205
896,9.213991257443864,0.0020385428609113
897,9.21363213323101,0.0019973712824631583
898,9.213270023478962,0.0019558485680112574
899,9.212904918967022,0.0019139735147012218
900,9.2125368104862,0.001871744920364032
901,9.212165688839356,0.0018291615835381236
902,9.211791544841404,0.0017862223034955712
903,9.211414369319497,0.0017429258802654658
904,9.211034153113193,0.0016992711146581925
905,9.210650887074644,0.0016552568082897033
906,9.21026456206879,0.0016108817636068394
907,9.20987516897352,0.0015661447839106664
908,9.209482698679864,0.001521044673381241
909,9.209087142092175,0.0014755802371025412
910,9.208688490128313,0.0014297502810872878
911,9.208286733719833,0.0013835536123012987
912,9.20788186381215,0.0013369890386881024
913,9.20747387136473,0.001290055369193572
914,9.20706274735129,0.0012427514137923047
915,9.206648482759952,0.0011950759835101452
916,9.206231068593436,0.0011470278904506814
917,9.205810495869263,0.0010986059478205845
918,9.205386755619903,0.0010498089699530909
919,9.204959838892986,0.0010006357723349097
920,9.204529736751486,0.0009510851716308281
921,9.204096440273881,0.0009011559857083206
922,9.203659940554344,0.0008508470336626928
923,9.203220228702945,0.0008001571358437324
924,9.20277729584582,0.0007490851138805369
925,9.202331133125353,0.0006976297907062744
926,9.201881731700382,0.0006457899905851619
927,9.201429082746339,0.0005935645391359543
928,9.20097317745546,0.0005409522633588168
929,9.200514007036993,0.0004879519916615806
930,9.200051562717341,0.00043456255388423697
931,9.199585835740264,0.00038078278132512084
932,9.199116817367068,0.00032661150676725086
933,9.198644498876778,0.00027204756450288485
934,9.198168871566349,0.00021708979036192416
935,9.19768992675079,0.0001617370217337367
936,9.197207655763425,0.00010598809759753891
937,9.196722049956032,4.984185854645986e-05
938,9.196233100699029,-6.7028531872246335e-06
939,9.19574079938168,-6.364719370388698e-05
940,9.195245137412257,-0.0001209923174119794
941,9.194746106218243,-0.00017873937700108584
942,9.194243697246508,-0.00023688952341549338
943,9.193737901963491,-0.00029544390582836544
944,9.193228711855388,-0.00035440367161514744
945,9.192716118428358,-0.0004137699663263277
946,9.192200113208662,-0.00047354393366257026
947,9.1916806877429,-0.000533726715446258
948,9.19115783359816,-0.0005943194515966617
949,9.190631542362214,-0.0006553232801023249
950,9.190101805643717,-0.0007167393369942516
951,9.189568615072375,-0.0007785687563195821
952,9.189031962299142,-0.0008408126701148362
953,9.188491838996388,-0.0009034722083794492
954,9.187948236858109,-0.0009665484990477736
955,9.187401147600104,-0.0010300426679630788
956,9.18685056296015,-0.0010939558388507024
957,9.186296474698194,-0.0011582891332906882
958,9.185738874596566,-0.0012230436706899296
959,9.185177754460106,-0.0012882205682574026
960,9.184613106116418,-0.00135382094097424
961,9.184044921415994,-0.001419845901569051
962,9.183473192232455,-0.0014862965604886477
963,9.182897910462694,-0.0015531740258725392
964,9.182319068027091,-0.001620479403524118
965,9.181736656869672,-0.0016882137968851126
966,9.181150668958335,-0.0017563783070060751
967,9.180561096284999,-0.001824974032520455
968,9.179967930865802,-0.001894002069617116
969,9.179371164741296,-0.001963463512011996
970,9.17877078997664,-0.002033359450920746
971,9.17816679866175,-0.0021036909750325144
972,9.177559182911526,-0.002174459170480329
973,9.176947934866027,-0.0022456651208146803
974,9.176333046690633,-0.002317309906975967
975,9.175714510576272,-0.0023893946072657806
976,9.17509231873958,-0.002461920297320119
977,9.174466463423087,-0.0025348880500813066
978,9.173836936895416,-0.0026082989357701044
979,9.17320373145148,-0.0026821540218567802
980,9.17256683941263,-0.0027564543730356607
981,9.171926253126884,-0.0028312010511947904
982,9.17128196496909,-0.0029063951153890486
983,9.170633967341118,-0.002982037621812124
984,9.169982252672044,-0.003058129623768563
985,9.169326813418346,-0.003134672171645277
986,9.168667642064081,-0.0032116663128837273
987,9.168004731121082,-0.0032891130919513343
988,9.167338073129129,-0.003367013550314378
989,9.166667660656152,-0.003445368726408384
990,9.165993486298413,-0.0035241796556111553
991,9.165315542680702,-0.00360344737021271
992,9.164633822456498,-0.003683172899389486
993,9.16394831830817,-0.00376335726917438
994,9.163259022947186,-0.003844001502428226
995,9.162565929114258,-0.003925106618812384
996,9.161869029579568,-0.004006673634759326
997,9.16116831714293,-0.004088703563445055
998,9.160463784633981,-0.004171197414760153
999,9.159755424912378,-0.004254156195281389
1000,9.159043230867972,-0.004337580908243307
1001,9.158327195421018,-0.004421472553508754
1002,9.157607311522323,-0.0045058321275419505
1003,9.156883572153479,-0.00459066062337818
1004,9.156155970326997,-0.0046759590305971545
1005,9.155424499086553,-0.004761728335291667
1006,9.154689151507139,-0.004847969520040786
1007,9.153949920695235,-0.004934683563881588
1008,9.153206799789034,-0.005021871442278794
1009,9.152459781958614,-0.005109534127096932
1010,9.151708860406117,-0.00519767258657108
1011,9.150954028365936,-0.005286287785279015
1012,9.150195279104924,-0.005375380684110903
1013,9.149432605922543,-0.0054649522402420445
1014,9.148666002151092,-0.0055550034071025645
1015,9.14789546115585,-0.005645535134349937
1016,9.1471209763353,-0.005736548367838841
1017,9.1463425411213,-0.005828044049592735
1018,9.145560148979271,-0.005920023117774908
1019,9.14477379340838,-0.006012486506659644
1020,9.143983467941732,-0.006105435146602857
1021,9.14318916614655,-0.006198869964013593
1022,9.142390881624369,-0.006292791881324639
1023,9.141588608011224,-0.00638720181696285
1024,9.14078233897782,-0.006482100685322152
1025,9.139972068229739,-0.006577489396732017
1026,9.139157789507605,-0.006673368857430134
1027,9.138339496587298,-0.006769739969532138
1028,9.13751718328011,-0.006866603631003525
1029,9.136690843432952,-0.006963960735629767
1030,9.13586047092853,-0.007061812172987348
1031,9.135026059685531,-0.007160158828414924
1032,9.134187603658821,-0.007259001582983648
1033,9.133345096839609,-0.00735834131346883
1034,9.132498533255658,-0.007458178892319306
1035,9.131647906971443,-0.0075585151876300756
1036,9.130793212088365,-0.007659351063111417
1037,9.129934442744922,-0.007760687378060509
1038,9.129071593116878,-0.007862524987332963
1039,9.128204657417491,-0.007964864741311289
1040,9.12733362989765,-0.008067707485878515
1041,9.126458504846106,-0.008171054062386359
1042,9.125579276589615,-0.008274905307627927
1043,9.124695939493149,-0.008379262053807438
1044,9.123808487960078,-0.008484125128511263
1045,9.122916916432347,-0.008589495354678282
1046,9.122021219390668,-0.008695373550571501
1047,9.121121391354704,-0.008801760529747273
1048,9.120217426883245,-0.008908657101028004
1049,9.119309320574411,-0.009016064068470893
1050,9.118397067065803,-0.009123982231340571
1051,9.117480661034739,-0.009232412384077649
1052,9.116560097198384,-0.009341355316271444
1053,9.115635370313978,-0.009450811812629058
1054,9.11470647517898,-0.009560782652947922
1055,9.11377340663129,-0.009671268612084753
1056,9.1128361595494,-0.009782270459927543
1057,9.111894728852603,-0.009893788961365294
1058,9.110949109501174,-0.010005824876258878
1059,9.109999296496534,-0.010118378959412797
1060,9.10904528488145,-0.010231451960544808
1061,9.108087069740213,-0.010345044624257347
1062,9.107124646198828,-0.01045915769000743
1063,9.106158009425195,-0.010573791892077968
1064,9.105187154629267,-0.010688947959549637
1065,9.104212077063274,-0.010804626616269186
1066,9.10323277202188,-0.010920828580822323
1067,9.102249234842368,-0.011037554566503396
1068,9.101261460904846,-0.011154805281286014
1069,9.10026944563238,-0.011272581427795253
1070,9.099273184491233,-0.011390883703276714
1071,9.098272672990994,-0.011509712799569076
1072,9.097267906684804,-0.011629069403073209
1073,9.09625888116952,-0.011748954194723922
1074,9.095245592085877,-0.011869367849961523
1075,9.09422803511871,-0.011990311038701072
1076,9.093206205997106,-0.012111784425304285
1077,9.092180100494586,-0.012233788668550644
1078,9.091149714429305,-0.012356324421607489
1079,9.090115043664216,-0.01247939233200145
1080,9.08907608410726,-0.012602993041589319
1081,9.088032831711532,-0.012727127186529508
1082,9.086985282475478,-0.012851795397252142
1083,9.085933432443076,-0.012976998298430548
1084,9.08487727770399,-0.013102736508952566
1085,9.083816814393794,-0.01322901064189071
1086,9.08275203869411,-0.013355821304474175
1087,9.081682946832808,-0.013483169098059467
1088,9.080609535084186,-0.013611054618101713
1089,9.07953179976913,-0.013739478454126089
1090,9.07844973725534,-0.013868441189697074
1091,9.077363343957437,-0.013997943402393352
1092,9.076272616337215,-0.014127985663774684
1093,9.07517755090377,-0.014258568539356838
1094,9.07407814421369,-0.014389692588580824
1095,9.072974392871256,-0.014521358364784203
1096,9.071866293528586,-0.014653566415173453
1097,9.070753842885827,-0.014786317280794945
1098,9.06963703769135,-0.014919611496504998
1099,9.068515874741898,-0.015053449590943528
1100,9.067390350882782,-0.015187832086503695
1101,9.066260463008051,-0.015322759499304445
1102,9.065126208060656,-0.015458232339162046
1103,9.063987583032674,-0.015594251109559634
1104,9.062844584965415,-0.015730816307622304
1105,9.061697210949653,-0.015867928424085628
1106,9.060545458125782,-0.016005587943268458
1107,9.059389323683988,-0.016143795343045046
1108,9.05822880486443,-0.01628255109481589
1109,9.057063898957413,-0.016421855663480346
1110,9.055894603303566,-0.01656170950740759
1111,9.054720915294013,-0.016702113078409082
1112,9.053542832370555,-0.016843066821709753
1113,9.052360352025836,-0.016984571175920872
1114,9.051173471803505,-0.017126626573011616
1115,9.049982189298426,-0.017269233438280334
1116,9.048786502156824,-0.017412392190327357
1117,9.047586408076452,-0.017556103241027445
1118,9.046381904806788,-0.0177003669955009
1119,9.04517299014919,-0.01784518385208639
1120,9.04395966195708,-0.017990554202312877
1121,9.042741918136104,-0.018136478430872342
1122,9.041519756644318,-0.01828295691559121
1123,9.040293175492346,-0.018429990027403795
1124,9.039062172743565,-0.01857757813032373
1125,9.037826746514263,-0.018725721581417356
1126,9.036586894973814,-0.018874420730775714
1127,9.035342616344852,-0.019023675921486956
1128,9.034093908903458,-0.019173487489608704
1129,9.032840770979275,-0.019323855764142542
1130,9.03158320095575,-0.019474781067004055
1131,9.030321197270247,-0.019626263712997617
1132,9.029054758414247,-0.019778304009788302
1133,9.027783882933509,-0.019930902257874895
1134,9.026508569428232,-0.020084058750563183
1135,9.025228816553232,-0.02023777377393867
1136,9.023944623018101,-0.020392047606839707
1137,9.02265598758739,-0.0205468805208304
1138,9.02136290908076,-0.02070227278017412
1139,9.020065386373155,-0.020858224641806863
1140,9.018763418394968,-0.02101473635531012
1141,9.017457004132218,-0.021171808162884352
1142,9.016146142626708,-0.02132944029932207
1143,9.014830832976168,-0.021487632991983138
1144,9.013511074334462,-0.02164638646076588
1145,9.012186865911733,-0.021805700918081882
1146,9.01085820697456,-0.021965576568830008
1147,9.009525096846145,-0.022126013610369002
1148,9.008187534906456,-0.022287012232492468
1149,9.006845520592387,-0.02244857261740271
1150,9.005499053397935,-0.02261069493968472
1151,9.004148132874375,-0.022773379366278493
1152,9.002792758630399,-0.02293662605645538
1153,9.001432930332285,-0.023100435161791336
1154,9.000068647704072,-0.02326480682614091
1155,8.998699910527696,-0.02342974118561229
1156,8.997326718643174,-0.02359523836854133
1157,8.99594907194877,-0.02376129849546521
1158,8.994566970401124,-0.023927921679098647
1159,8.99318041401543,-0.024095108024308007
1160,8.991789402865612,-0.02426285762808486
1161,8.99039393708446,-0.024431170579521863
1162,8.988994016863805,-0.02460004695978721
1163,8.987589642454653,-0.024769486842100525
1164,8.98618081416738,-0.024939490291706123
1165,8.984767532371857,-0.02511005736585005
1166,8.983349797497622,-0.025281188113753853
1167,8.981927610034045,-0.025452882576590365
1168,8.98050097053046,-0.025625140787459623
1169,8.97906987959635,-0.025797962771363137
1170,8.977634337901481,-0.025971348545180704
1171,8.976194346176067,-0.026145298117645183
1172,8.974749905210928,-0.026319811489318307
1173,8.973301015857633,-0.026494888652567168
1174,8.971847679028665,-0.026670529591539104
1175,8.970389895697567,-0.02684673428213876
1176,8.968927666899107,-0.027023502692002984
1177,8.967460993729421,-0.027200834780477738
1178,8.96598987734615,-0.02737873049859543
1179,8.964514318968636,-0.027557189789048267
1180,8.963034319878025,-0.02773621258616812
1181,8.961549881417442,-0.02791579881590119
1182,8.960061004992143,-0.0280959483957847
1183,8.958567692069666,-0.02827666123492403
1184,8.957069944179963,-0.028457937233969888
1185,8.955567762915567,-0.028639776285094547
1186,8.954061149931741,-0.028822178271969142
1187,8.952550106946603,-0.0290051430697416
1188,8.951034635741316,-0.02918867054501228
1189,8.949514738160186,-0.029372760555812977
1190,8.947990416110848,-0.02955741295158337
1191,8.946461671564386,-0.029742627573149195
1192,8.94492850655549,-0.029928404252699683
1193,8.943390923182601,-0.03011474281376536
1194,8.94184892360807,-0.030301643071194956
1195,8.940302510058256,-0.030489104831136125
1196,8.938751684823732,-0.03067712789101022
1197,8.937196450259377,-0.03086571203949274
1198,8.935636808784546,-0.031054857056491005
1199,8.934072762883204,-0.03124456271312229
1200,8.932504315104058,-0.03143482877169345
1201,8.930931468060717,-0.03162565498567837
1202,8.929354224431828,-0.031817041099696776
1203,8.9277725869612,-0.032008986849494055
1204,8.926186558457962,-0.0322014919619199
1205,8.924596141796686,-0.03239455615490723
1206,8.923001339917535,-0.032588179137451746
1207,8.921402155826405,-0.03278236060959101
1208,8.919798592595052,-0.03297710026238383
1209,8.918190653361224,-0.03317239777789085
1210,8.916578341328817,-0.03336825282915278
1211,8.91496165976799,-0.03356466508017173
1212,8.913340612015313,-0.033761634185890045
1213,8.91171520147389,-0.0339591597921712
1214,8.910085431613506,-0.034157241535779356
1215,8.90845130597075,-0.03435587904436052
1216,8.906812828149148,-0.034555071936422474
1217,8.905170001819293,-0.03475481982131564
1218,8.903522830718996,-0.03495512229921313
1219,8.901871318653379,-0.03515597896109314
1220,8.900215469495029,-0.0353573893887189
1221,8.898555287184134,-0.03555935315461973
1222,8.896890775728597,-0.035761869822072516
1223,8.895221939204166,-0.03596493894508339
1224,8.893548781754571,-0.03616856006836882
1225,8.891871307591638,-0.03637273272733779
1226,8.890189520995417,-0.03657745644807317
1227,8.888503426314319,-0.03678273074731408
1228,8.886813027965227,-0.036988555132437526
1229,8.885118330433633,-0.03719492910144074
1230,8.88341933827374,-0.03740185214292454
1231,8.881716056108603,-0.03760932373607425
1232,8.880008488630247,-0.03781734335064363
1233,8.878296640599796,-0.03802591044693648
1234,8.876580516847575,-0.03823502447579069
1235,8.87486012227325,-0.03844468487856065
1236,8.873135461845921,-0.03865489108710133
1237,8.871406540604267,-0.03886564252375055
1238,8.86967336365666,-0.039076938601313
1239,8.867935936181263,-0.03928877872304405
1240,8.866194263426156,-0.03950116228263402
1241,8.86444835070948,-0.03971408866419016
1242,8.862698203419491,-0.039927557242224014
1243,8.860943827014731,-0.04014156738163269
1244,8.859185227024115,-0.04035611843768495
1245,8.857422409047054,-0.04057120975600489
1246,8.855655378753546,-0.04078684067255785
1247,8.853884141884311,-0.041003010513634454
1248,8.852108704250895,-0.04121971859583523
1249,8.850329071735777,-0.04143696422605689
1250,8.848545250292473,-0.041654746701476814
1251,8.846757245945648,-0.04187306530953971
1252,8.844965064791223,-0.042091919327942005
1253,8.843168712996503,-0.04231130802461769
1254,8.841368196800232,-0.04253123065772585
1255,8.839563522512742,-0.0427516864756356
1256,8.83775469651604,-0.0429726747169126
1257,8.835941725263918,-0.043194194610305485
1258,8.834124615282052,-0.04341624537473269
1259,8.832303373168099,-0.04363882621926917
1260,8.830478005591809,-0.043861936343133484
1261,8.828648519295104,-0.04408557493567546
1262,8.826814921092195,-0.044309741176362945
1263,8.824977217869687,-0.04453443423476849
1264,8.823135416586652,-0.04475965327055903
1265,8.821289524274746,-0.044985397433481754
1266,8.819439548038293,-0.04521166586335354
1267,8.817585495054383,-0.04543845769004868
1268,8.815727372572969,-0.045665772033486644
1269,8.813865187916962,-0.045893608003621335
1270,8.811998948482307,-0.046121964700429896
1271,8.810128661738089,-0.04635084121390126
1272,8.808254335226641,-0.046580236624024274
1273,8.80637597656359,-0.04681015000077898
1274,8.804493593437968,-0.04704058040412495
1275,8.80260719361231,-0.04727152688399041
1276,8.800716784922722,-0.04750298848026304
1277,8.798822375278991,-0.04773496422277856
1278,8.796923972664633,-0.047967453131312926
1279,8.795021585136999,-0.04820045421557132
1280,8.79311522082737,-0.048433966475177996
1281,8.791204887941019,-0.04866798889966864
1282,8.789290594757295,-0.04890252046847989
1283,8.787372349629715,-0.049137560150941395
1284,8.785450160986022,-0.04937310690626656
1285,8.783524037328286,-0.04960915968354393
1286,8.781593987232958,-0.04984571742172936
1287,8.779660019350967,-0.050082779049637496
1288,8.777722142407788,-0.050320343485933165
1289,8.775780365203508,-0.05055840963912487
1290,8.77383469661291,-0.05079697640755621
1291,8.77188514558554,-0.051036042679399006
1292,8.769931721145772,-0.051275607332645814
1293,8.76797443239289,-0.05151566923510331
1294,8.766013288501153,-0.051756227244384584
1295,8.76404829871985,-0.051997280207903875
1296,8.762079472373395,-0.052238826962868516
1297,8.760106818861368,-0.052480866336274086
1298,8.758130347658579,-0.05272339714489824
1299,8.75615006831514,-0.05296641819529434
1300,8.754165990456553,-0.05320992828378531
1301,8.752178123783711,-0.0534539261964602
1302,8.750186478073022,-0.05369841070916648
1303,8.748191063176417,-0.05394338058750748
1304,8.746191889021446,-0.05418883458683541
1305,8.744188965611318,-0.05443477145224824
1306,8.742182303024949,-0.054681189918584804
1307,8.740171911417033,-0.054928088710420764
1308,8.738157801018081,-0.05517546654206437
1309,8.736139982134503,-0.055423322117552194
1310,8.734118465148615,-0.05567165413064716
1311,8.732093260518734,-0.055920461264833125
1312,8.730064378779192,-0.056169742193313645
1313,8.728031830540388,-0.05641949557900812
1314,8.725995626488869,-0.05666972007454875
1315,8.72395577738734,-0.05692041432227846
1316,8.721912294074711,-0.05717157695424908
1317,8.719865187466157,-0.0574232065922185
1318,8.717814468553149,-0.057675301847649095
1319,8.715760148403492,-0.05792786132170643
1320,8.713702238161389,-0.05818088360525635
1321,8.711640749047449,-0.05843436727886567
1322,8.709575692358717,-0.058688310912801196
1323,8.707507079468764,-0.05894271306702649
1324,8.705434921827653,-0.05919757229120437
1325,8.703359230962024,-0.05945288712469469
1326,8.701280018475101,-0.059708656096554624
1327,8.699197296046735,-0.05996487772553883
1328,8.69711107543343,-0.06022155052009982
1329,8.695021368468371,-0.06047867297838818
1330,8.692928187061435,-0.060736243588254524
1331,8.690831543199245,-0.060994260827249264
1332,8.68873144894517,-0.06125272316262443
1333,8.686627916439374,-0.06151162905133422
1334,8.684520957898808,-0.06177097694003848
1335,8.682410585617252,-0.06203076526510286
1336,8.68029681196533,-0.06229099245260163
1337,8.678179649390527,-0.06255165691832021
1338,8.676059110417194,-0.06281275706775773
1339,8.673935207646572,-0.06307429129612997
1340,8.671807953756835,-0.06333625798837086
1341,8.669677361503036,-0.06359865551913918
1342,8.66754344371718,-0.06386148225281833
1343,8.665406213308213,-0.06412473654352237
1344,8.663265683262015,-0.0643884167350993
1345,8.661121866641423,-0.06465252116113596
1346,8.658974776586234,-0.06491704814496115
1347,8.65682442631321,-0.06518199599965169
1348,8.65467082911607,-0.06544736302803691
1349,8.652513998365515,-0.0657131475227029
1350,8.6503539475092,-0.06597934776599955
1351,8.64819069007176,-0.06624596203004482
1352,8.646024239654775,-0.06651298857673141
1353,8.643854609936792,-0.0667804256577327
1354,8.641681814673303,-0.06704827151450937
1355,8.639505867696764,-0.06731652437831484
1356,8.637326782916535,-0.06758518247020413
1357,8.635144574318923,-0.06785424400103925
1358,8.632959255967137,-0.06812370717149745
1359,8.63077084200129,-0.06839357017207813
1360,8.628579346638386,-0.06866383118311109
1361,8.626384784172282,-0.06893448837476475
1362,8.624187168973696,-0.06920553990705422
1363,8.621986515490175,-0.06947698392984972
1364,8.619782838246069,-0.06974881858288579
1365,8.617576151842522,-0.0700210419957701
1366,8.615366470957431,-0.07029365228799282
1367,8.613153810345441,-0.07056664756893614
1368,8.610938184837906,-0.07084002593788369
1369,8.60871960934285,-0.0711137854840315
1370,8.606498098844952,-0.07138792428649775
1371,8.604273668405517,-0.0716624404143329
1372,8.602046333162413,-0.07193733192653187
1373,8.59981610833008,-0.07221259687204329
1374,8.597583009199456,-0.0724882332897822
1375,8.595347051137946,-0.07276423920864147
1376,8.593108249589408,-0.07304061264750224
1377,8.590866620074083,-0.07331735161524762
1378,8.588622178188551,-0.07359445411077462
1379,8.586374939605705,-0.07387191812300618
1380,8.584124920074688,-0.07414974163090449
1381,8.58187213542083,-0.07442792260348483
1382,8.579616601545661,-0.07470645899982646
1383,8.577358334426776,-0.07498534876908898
1384,8.575097350117854,-0.07526458985052399
1385,8.572833664748533,-0.0755441801734917
1386,8.57056729452441,-0.07582411765747306
1387,8.568298255726987,-0.076104400212084
1388,8.56602656471353,-0.0763850257370939
1389,8.563752237917106,-0.07666599212243662
1390,8.561475291846453,-0.07694729724822837
1391,8.55919574308595,-0.07722893898478224
1392,8.556913608295519,-0.07751091519262554
1393,8.554628904210583,-0.07779322372251406
1394,8.552341647641983,-0.07807586241544993
1395,8.550051855475903,-0.07835882910269809
1396,8.547759544673799,-0.07864212160580294
1397,8.545464732272324,-0.07892573773660588
1398,8.54316743538325,-0.07920967529726229
1399,8.540867671193377,-0.07949393208026051
1400,8.538565456964472,-0.07977850586843846
1401,8.536260810033152,-0.08006339443500318
1402,8.533953747810838,-0.08034859554354859
1403,8.531644287783633,-0.08063410694807477
1404,8.529332447512264,-0.08091992639300652
1405,8.527018244631952,-0.0812060516132137
1406,8.524701696852357,-0.08149248033403005
1407,8.522382821957468,-0.08177921027127276
1408,8.52006163780549,-0.08206623913126428
1409,8.51773816232878,-0.08235356461085075
1410,8.515412413533708,-0.08264118439742417
1411,8.513084409500584,-0.08292909616894283
1412,8.51075416838353,-0.08321729759395266
1413,8.5084217084104,-0.08350578633160827
1414,8.506087047882644,-0.0837945600316958
1415,8.50375020517522,-0.08408361633465378
1416,8.501411198736447,-0.08437295287159702
1417,8.499070047087953,-0.0846625672643366
1418,8.496726768824495,-0.0849524571254055
1419,8.494381382613863,-0.08524262005808061
1420,8.492033907196772,-0.08553305365640594
1421,8.489684361386727,-0.08582375550521627
1422,8.4873327640699,-0.0861147231801619
1423,8.48497913420501,-0.08640595424773141
1424,8.482623490823183,-0.08669744626527785
1425,8.480265853027834,-0.08698919678104225
1426,8.477906239994521,-0.0872812033341794
1427,8.475544670970809,-0.08757346345478348
1428,8.473181165276158,-0.08786597466391212
1429,8.470815742301763,-0.08815873447361339
1430,8.46844842151042,-0.08845174038695197
1431,8.466079222436365,-0.08874498989803574
1432,8.46370816468516,-0.08903848049204159
1433,8.461335267933531,-0.08933220964524273
1434,8.45896055192921,-0.08962617482503664
1435,8.456584036490785,-0.08992037348997184
1436,8.454205741507568,-0.09021480308977571
1437,8.451825686939413,-0.09050946106538299
1438,8.449443892816573,-0.09080434484896355
1439,8.44706037923954,-0.09109945186395112
1440,8.444675166378872,-0.0913947795250726
1441,8.442288274475036,-0.09169032523837709
1442,8.439899723838256,-0.0919860864012644
1443,8.437509534848306,-0.09228206040251632
1444,8.435117727954374,-0.09257824462232582
1445,8.432724323674865,-0.09287463643232745
1446,8.430329342597258,-0.09317123319562703
1447,8.427932805377896,-0.0934680322668336
1448,8.425534732741818,-0.09376503099209017
1449,8.423135145482583,-0.09406222670910476
1450,8.420734064462078,-0.09435961674718235
1451,8.418331510610328,-0.09465719842725705
1452,8.415927504925309,-0.09495496906192404
1453,8.413522068472783,-0.095252925955471
1454,8.41111522238606,-0.09555106640391303
1455,8.408706987865836,-0.09584938769502369
1456,8.406297386179972,-0.09614788710836993
1457,8.403886438663324,-0.09644656191534373
1458,8.401474166717511,-0.09674540937919775
1459,8.399060591810725,-0.09704442675507848
1460,8.396645735477511,-0.0973436112900615
1461,8.394229619318574,-0.09764296022318504
1462,8.391812265000562,-0.0979424707854858
1463,8.389393694255856,-0.09824214020003297
1464,8.38697392888233,-0.09854196568196616
1465,8.384552990743167,-0.09884194443852844
1466,8.382130901766612,-0.09914207366910399
1467,8.379707683945748,-0.0994423505652547
1468,8.377283359338298,-0.09974277231075525
1469,8.374857950066374,-0.10004333608163092
1470,8.37243147831624,-0.10034403904619557
1471,8.3700039663381,-0.1006448783650873
1472,8.367575436445847,-0.10094585119130757
1473,8.365145911016828,-0.10124695467025896
1474,8.362715412491616,-0.1015481859397825
1475,8.360283963373732,-0.101849542130198
1476,8.357851586229447,-0.10215102036434102
1477,8.35541830368751,-0.10245261775760277
1478,8.352984138438893,-0.10275433141796941
1479,8.350549113236557,-0.10305615844606164
1480,8.348113250895166,-0.10335809593517531
1481,8.345676574290861,-0.10366014097132047
1482,8.343239106360995,-0.103962290633262
1483,8.340800870103848,-0.10426454199256155
1484,8.338361888578397,-0.10456689211361668
1485,8.335922184904003,-0.10486933805370442
1486,8.333481782260199,-0.10517187686302004
1487,8.331040703886364,-0.10547450558472146
1488,8.32859897308148,-0.10577722125496984
1489,8.326156613203844,-0.10608002090297222
1490,8.323713647670795,-0.10638290155102455
1491,8.321270099958404,-0.10668586021455471
1492,8.318825993601239,-0.1069888939021647
1493,8.316381352192042,-0.10729199961567465
1494,8.31393619938143,-0.10759517435016751
1495,8.311490558877649,-0.10789841509403086
1496,8.309044454446209,-0.10820171882900428
1497,8.30659790990966,-0.10850508253022054
1498,8.304150949147246,-0.10880850316625242
1499,8.301703596094606,-0.1091119776991577
1500,8.299255874743494,-0.10941550308452343
1501,8.296807809141436,-0.10971907627151291
1502,8.294359423391443,-0.11002269420291064
1503,8.291910741651712,-0.11032635381516787
1504,8.289461788135252,-0.11063005203845132
1505,8.287012587109633,-0.11093378579668729
1506,8.284563162896621,-0.11123755200761036
1507,8.28211353987188,-0.11154134758280924
1508,8.279663742464626,-0.11184516942777543
1509,8.277213795157314,-0.11214901444195043
1510,8.274763722485286,-0.11245287951877385
1511,8.272313549036467,-0.11275676154573125
1512,8.269863299451,-0.11306065740440349
1513,8.267412998420934,-0.1133645639705143
1514,8.264962670689838,-0.11366847811398106
1515,8.262512341052505,-0.11397239669896306
1516,8.26006203435458,-0.11427631658391046
1517,8.257611775492213,-0.11458023462161532
1518,8.255161589411708,-0.11488414765926122
1519,8.252711501109175,-0.11518805253847318
1520,8.250261535630154,-0.11549194609536925
1521,8.247811718069258,-0.11579582516061103
1522,8.245362073569828,-0.11609968655945424
1523,8.24291262732355,-0.11640352711180053
1524,8.240463404570093,-0.11670734363224933
1525,8.238014430596738,-0.11701113293014924
1526,8.235565730738003,-0.11731489180965057
1527,8.233117330375242,-0.11761861706975847
1528,8.230669254936318,-0.1179223055043839
1529,8.228221529895187,-0.11822595390239737
1530,8.2257741807715,-0.11852955904768292
1531,8.223327233130249,-0.11883311771919057
1532,8.220880712581343,-0.11913662669099054
1533,8.218434644779252,-0.1194400827323264
1534,8.21598905542258,-0.11974348260767019
1535,8.213543970253685,-0.12004682307677637
1536,8.21109941505826,-0.12035010089473686
1537,8.208655415664944,-0.12065331281203541
1538,8.206211997944914,-0.12095645557460355
1539,8.203769187811481,-0.1212595259238745
1540,8.20132701121965,-0.12156252059684139
1541,8.19888549416574,-0.12186543632611065
1542,8.196444662686941,-0.12216826983995989
1543,8.194004542860922,-0.12247101786239283
1544,8.191565160805371,-0.12277367711319773
1545,8.1891265426776,-0.12307624430800247
1546,8.1866887146741,-0.12337871615833337
1547,8.18425170303011,-0.1236810893716714
1548,8.181815534019204,-0.12398336065150975
1549,8.17938023395283,-0.12428552669741245
1550,8.17694582917987,-0.12458758420507259
1551,8.174512346086209,-0.12488952986636953
1552,8.172079811094305,-0.12519136036942824
1553,8.169648250662704,-0.12549307239867816
1554,8.167217691285622,-0.1257946626349117
1555,8.16478815949247,-0.12609612775534465
1556,8.162359681847416,-0.12639746443367422
1557,8.159932284948917,-0.12669866934013985
1558,8.15750599542926,-0.12699973914158233
1559,8.155080839954092,-0.12730067050150515
1560,8.152656845221957,-0.12760146008013426
1561,8.150234037963834,-0.1279021045344783
1562,8.147812444942668,-0.12820260051838978
1563,8.145392092952859,-0.1285029446826273
1564,8.142973008819835,-0.12880313367491508
1565,8.140555219399536,-0.1291031641400059
1566,8.138138751577937,-0.12940303271974246
1567,8.135723632270587,-0.12970273605311883
1568,8.133309888422085,-0.1300022707763435
1569,8.130897547005613,-0.13030163352290136
1570,8.128486635022421,-0.13060082092361708
1571,8.12607717950136,-0.1308998296067167
1572,8.12366920749835,-0.13119865619789237
1573,8.121262746095905,-0.1314972973203639
1574,8.118857822402605,-0.13179574959494403
1575,8.116454463552609,-0.1320940096401011
1576,8.114052696705132,-0.13239207407202314
1577,8.111652549043939,-0.13268993950468236
1578,8.109254047776812,-0.13298760254989983
1579,8.10685722013507,-0.13328505981740874
1580,8.104462093373007,-0.13358230791492082
1581,8.10206869476738,-0.13387934344819075
1582,8.099677051616906,-0.13417616302108099
1583,8.097287191241689,-0.13447276323562812
1584,8.094899140982731,-0.13476914069210758
1585,8.09251292820138,-0.13506529198909956
1586,8.09012858027879,-0.13536121372355558
1587,8.087746124615387,-0.1356569024908646
1588,8.085365588630319,-0.13595235488491925
1589,8.082986999760914,-0.13624756749818293
1590,8.080610385462137,-0.13654253692175602
1591,8.078235773206048,-0.136837259745443
1592,8.075863190481215,-0.1371317325578205
1593,8.0734926647922,-0.13742595194630375
1594,8.071124223658982,-0.1377199144972142
1595,8.068757894616388,-0.13801361679584842
1596,8.066393705213546,-0.13830705542654492
1597,8.064031683013306,-0.1386002269727529
1598,8.061671855591687,-0.1388931280171003
1599,8.059314250537282,-0.13918575514146309
1600,8.056958895450695,-0.13947810492703352
1601,8.054605817943985,-0.13977017395438862
1602,8.052255045640063,-0.14006195880355968
1603,8.049906606172119,-0.1403534560541017
1604,8.047560527183036,-0.1406446622851627
1605,8.045216836324805,-0.1409355740755535
1606,8.042875561257931,-0.14122618800381764
1607,8.04053672965085,-0.14151650064830087
1608,8.038200369179327,-0.14180650858722213
1609,8.035866507525883,-0.14209620839874207
1610,8.033535172379144,-0.14238559666103678
1611,8.031206391433306,-0.14267466995236508
1612,8.02888019238747,-0.1429634248511417
1613,8.026556602945082,-0.14325185793600723
1614,8.024235650813303,-0.14353996578589914
1615,8.021917363702398,-0.14382774498012388
1616,8.019601769325119,-0.14411519209842832
1617,8.017288895396101,-0.1444023037210708
1618,8.01497876963123,-0.14468907642889367
1619,8.012671419747045,-0.144975506803394
1620,8.010366873460086,-0.14526159142679756
1621,8.008065158486275,-0.14554732688213015
1622,8.005766302540321,-0.14583270975328919
1623,8.003470333335043,-0.1461177366251178
1624,8.001177278580757,-0.14640240408347724
1625,7.998887165984648,-0.14668670871531908
1626,7.996600023250136,-0.1469706471087585
1627,7.994315878076203,-0.14725421585314838
1628,7.992034758156797,-0.1475374115391514
1629,7.989756691180164,-0.14782023075881376
1630,7.987481704828192,-0.14810267010563957
1631,7.98520982677578,-0.14838472617466428
1632,7.982941084690194,-0.1486663955625274
1633,7.98067550623038,-0.14894767486754878
1634,7.978413119046339,-0.1492285606898009
1635,7.97615395077847,-0.14950904963118347
1636,7.973898029056886,-0.14978913829549897
1637,7.971645381500786,-0.15006882328852522
1638,7.969396035717748,-0.15034810121809283
1639,7.967150019303114,-0.15062696869415684
1640,7.96490735983928,-0.15090542232887413
1641,7.9626680848950455,-0.15118345873667727
1642,7.960432222024936,-0.15146107453435012
1643,7.958199798768528,-0.1517382663411031
1644,7.955970842649775,-0.15201503077864847
1645,7.953745381176335,-0.15229136447127545
1646,7.951523441838886,-0.15256726404592633
1647,7.949305052110424,-0.15284272613227287
1648,7.947090239445621,-0.15311774736279063
1649,7.9448790312800925,-0.15339232437283623
1650,7.942671455029741,-0.15366645380072289
1651,7.940467538090055,-0.15394013228779646
1652,7.938267307835401,-0.1542133564785129
1653,7.936070791618371,-0.15448612302051246
1654,7.933878016769053,-0.15475842856469768
1655,7.931689010594341,-0.1550302697653098
1656,7.9295038003772245,-0.15530164328000595
1657,7.927322413376118,-0.15557254576993437
1658,7.925144876824132,-0.15584297389981253
1659,7.9229712179283736,-0.15611292433800378
1660,7.92080146386924,-0.15638239375659446
1661,7.918635641799721,-0.15665137883147054
1662,7.9164737788446695,-0.15691987624239578
1663,7.914315902100108,-0.1571878826730879
1664,7.912162038632499,-0.157455394811297
1665,7.910012215478046,-0.15772240934888232
1666,7.907866459641973,-0.15798892298188957
1667,7.905724798097788,-0.15825493241062985
1668,7.9035872577865955,-0.15852043433975557
1669,7.901453865616342,-0.15878542547833963
1670,7.8993246484611195,-0.15904990253995244
1671,7.897199633160436,-0.15931386224273955
1672,7.895078846518469,-0.1595773013095008
1673,7.892962315303364,-0.15984021646776736
1674,7.890850066246484,-0.1601026044498803
1675,7.888742126041707,-0.160364461993068
1676,7.886638521344669,-0.16062578583952514
1677,7.8845392787720305,-0.16088657273649104
1678,7.882444424900778,-0.1611468194363264
1679,7.88035398626745,-0.1614065226965934
1680,7.878267989367399,-0.16166567928013434
1681,7.876186460654084,-0.16192428595514818
1682,7.874109426538295,-0.16218233949527122
1683,7.872036913387462,-0.1624398366796532
1684,7.869968947524866,-0.16269677429303783
1685,7.867905555228916,-0.16295314912584088
1686,7.865846762732391,-0.16320895797422907
1687,7.863792596221717,-0.16346419764019826
1688,7.861743081836214,-0.16371886493165183
1689,7.859698245667334,-0.16397295666248066
1690,7.857658113757936,-0.1642264696526407
1691,7.855622712101515,-0.1644794007282326
1692,7.853592066641448,-0.16473174672158086
1693,7.8515662032702895,-0.16498350447131066
1694,7.849545147828961,-0.1652346708224291
1695,7.847528926106022,-0.16548524262640335
1696,7.845517563836923,-0.16573521674123887
1697,7.843511086703238,-0.16598459003155938
1698,7.841509520331935,-0.1662333593686842
1699,7.839512890294576,-0.1664815216307094
1700,7.837521222106594,-0.1667290737025851
1701,7.8355345412265205,-0.16697601247619526
1702,7.833552873055245,-0.16722233485043572
1703,7.831576242935226,-0.16746803773129437
1704,7.8296046761497715,-0.1677131180319287
1705,7.827638197922215,-0.16795757267274725
1706,7.82567683341524,-0.16820139858148483
1707,7.823720607730046,-0.16844459269328488
1708,7.821769545905616,-0.16868715195077688
1709,7.819823672917957,-0.16892907330415516
1710,7.817883013679339,-0.16917035371125816
1711,7.815947593037508,-0.16941099013764757
1712,7.814017435774956,-0.16965097955668634
1713,7.8120925666081416,-0.16989031894961826
1714,7.810173010186703,-0.17012900530564729
1715,7.808258791092738,-0.17036703562201477
1716,7.806349933840004,-0.17060440690407983
1717,7.804446462873172,-0.1708411161653969
1718,7.802548402567055,-0.17107716042779514
1719,7.800655777225824,-0.17131253672145766
1720,7.798768611082288,-0.17154724208499833
1721,7.796886928297081,-0.1717812735655422
1722,7.795010752957937,-0.17201462821880267
1723,7.793140109078878,-0.17224730310916178
1724,7.791275020599496,-0.17247929530974665
1725,7.789415511384156,-0.17271060190250928
1726,7.787561605221236,-0.17294121997830478
1727,7.785713325822384,-0.17317114663696853
1728,7.783870696821718,-0.17340037898739602
1729,7.782033741775081,-0.17362891414762047
1730,7.780202484159284,-0.1738567492448901
1731,7.77837694737132,-0.1740838814157478
1732,7.776557154727611,-0.1743103078061079
1733,7.774743129463239,-0.17453602557133505
1734,7.772934894731212,-0.17476103187632056
1735,7.771132473601646,-0.17498532389556246
1736,7.769335889061051,-0.17520889881324114
1737,7.76754516401154,-0.17543175382329865
1738,7.765760321270088,-0.17565388612951474
1739,7.7639813835677565,-0.1758752929455856
1740,7.762208373548929,-0.17609597149520123
1741,7.760441313770574,-0.1763159190121215
1742,7.758680226701457,-0.176535132740255
1743,7.7569251347214045,-0.1767536099337352
1744,7.755176060120537,-0.1769713478569977
1745,7.753433025098502,-0.1771883437848577
1746,7.751696051763746,-0.1774045950025858
1747,7.749965162132724,-0.17762009880598612
1748,7.748240378129182,-0.17783485250147124
1749,7.746521721583372,-0.17804885340614052
1750,7.744809214231306,-0.17826209884785593
1751,7.74310287771402,-0.17847458616531778
1752,7.7414027335768125,-0.17868631270814148
1753,7.739708803268488,-0.17889727583693407
1754,7.738021108140624,-0.1791074729233692
1755,7.736339669446811,-0.17931690135026387
1756,7.734664508341911,-0.1795255585116539
1757,7.732995645881315,-0.1797334418128695
1758,7.731333103020206,-0.1799405486706102
1759,7.729676900612798,-0.18014687651302175
1760,7.728027059411604,-0.18035242277977
1761,7.726383600066706,-0.18055718492211645
1762,7.724746543125007,-0.18076116040299306
1763,7.723115909029483,-0.1809643466970781
1764,7.7214917181184815,-0.18116674129086877
1765,7.719873990624963,-0.18136834168275753
1766,7.718262746675762,-0.18156914538310617
1767,7.716658006290881,-0.1817691499143194
1768,7.715059789382742,-0.18196835281091955
1769,7.713468115755468,-0.18216675161962043
1770,7.71188300510416,-0.1823643438994009
1771,7.710304477014165,-0.18256112722157858
1772,7.708732550960357,-0.18275709916988372
1773,7.707167246306432,-0.1829522573405316
1774,7.7056085823041585,-0.1831465993422969
1775,7.7040565780926995,-0.18334012279658526
1776,7.702511252697865,-0.1835328253375076
1777,7.700972625031427,-0.18372470461195103
1778,7.699440713890384,-0.1839157582796533
1779,7.697915537956273,-0.18410598401327333
1780,7.6963971157944595,-0.18429537949846422
1781,7.694885465853422,-0.18448394243394514
1782,7.693380606464075,-0.1846716705315721
1783,7.6918825558390544,-0.18485856151641056
1784,7.690391332071992,-0.18504461312680745
1785,7.688906953136899,-0.1852298231144594
1786,7.687429436887384,-0.18541418924448744
1787,7.685958801056042,-0.18559770929550418
1788,7.684495063253693,-0.1857803810596878
1789,7.683038240968764,-0.18596220234284955
1790,7.6815883515665675,-0.18614317096450522
1791,7.680145412288635,-0.18632328475794524
1792,7.678709440252036,-0.18650254157030377
1793,7.677280452448707,-0.18668093926262863
1794,7.675858465744776,-0.1868584757099506
1795,7.674443496879904,-0.18703514880135194
1796,7.6730355624666045,-0.1872109564400361
1797,7.671634678989587,-0.18738589654339605
1798,7.670240862805105,-0.18755996704308206
1799,7.668854130140289,-0.18773316588507052
1800,7.6674744970924955,-0.18790549102973192
1801,7.666101979628643,-0.18807694045189852
1802,7.664736593584596,-0.1882475121409313
1803,7.663378354664477,-0.1884172041007881
1804,7.662027278440061,-0.18858601435008987
1805,7.660683380350117,-0.18875394092218772
1806,7.659346675699778,-0.1889209818652295
1807,7.658017179659902,-0.18908713524222598
1808,7.656694907266457,-0.18925239913111672
1809,7.655379873419875,-0.18941677162483642
1810,7.654072092884453,-0.18958025083137922
1811,7.6527715802877125,-0.18974283487386534
1812,7.651478350119789,-0.18990452189060547
1813,7.65019241673283,-0.19006531003516522
1814,7.648913794340377,-0.19022519747642977
1815,7.647642497016763,-0.1903841823986681
1816,7.646378538696502,-0.19054226300159743
1817,7.645121933173706,-0.19069943750044585
1818,7.643872694101479,-0.19085570412601652
1819,7.642630834991326,-0.19101106112475058
1820,7.641396369212581,-0.19116550675878935
1821,7.640169309991815,-0.1913190393060373
1822,7.638949670412234,-0.1914716570602252
1823,7.637737463413141,-0.1916233583309707
1824,7.636532701789335,-0.1917741414438407
1825,7.635335398190567,-0.1919240047404123
1826,7.634145565120949,-0.19207294657833474
1827,7.6329632149384254,-0.192220965331389
1828,7.631788359854192,-0.19236805938954912
1829,7.630621011932146,-0.19251422715904268
1830,7.62946118308836,-0.1926594670624092
1831,7.628308885090515,-0.19280377753856143
1832,7.627164129557369,-0.19294715704284382
1833,7.626026927958226,-0.19308960404709125
1834,7.624897291612401,-0.1932311170396881
1835,7.623775231688696,-0.19337169452562636
1836,7.622660759204868,-0.19351133502656398
1837,7.621553885027124,-0.19365003708088202
1838,7.620454619869609,-0.19378779924374226
1839,7.619362974293871,-0.19392462008714462
1840,7.618278958708412,-0.19406049819998242
1841,7.617202583368113,-0.19419543218810123
1842,7.616133858373799,-0.19432942067435263
1843,7.6150727936717235,-0.19446246229865075
1844,7.614019399053078,-0.19459455571802828
1845,7.612973684153524,-0.19472569960669034
1846,7.6119356584527065,-0.1948558926560701
1847,7.610905331273788,-0.1949851335748824
1848,7.609882711782973,-0.19511342108917817
1849,7.6088678089890545,-0.19524075394239812
1850,7.607860631742942,-0.195367130895426
1851,7.606861188737224,-0.19549255072664123
1852,7.605869488505718,-0.1956170122319715
1853,7.6048855394230115,-0.19574051422494568
1854,7.603909349704047,-0.19586305553674443
1855,7.602940927403667,-0.19598463501625307
1856,7.601980280416189,-0.19610525153011227
1857,7.6010274164750005,-0.19622490396276782
1858,7.600082343152117,-0.1963435912165227
1859,7.599145067857792,-0.19646131221158528
1860,7.598215597840075,-0.1965780658861211
1861,7.5972939401844535,-0.19669385119629976
1862,7.5963801018134145,-0.1968086671163457
1863,7.595474089486082,-0.19692251263858565
1864,7.594575909797804,-0.19703538677349738
1865,7.593685569179794,-0.1971472885497568
1866,7.592803073898735,-0.19725821701428595
1867,7.591928430056418,-0.19736817123229963
1868,7.591061643589372,-0.19747715028735202
1869,7.590202720268513,-0.19758515328138254
1870,7.589351665698785,-0.1976921793347618
1871,7.588508485318786,-0.19779822758633772
1872,7.587673184400461,-0.19790329719347943
1873,7.586845768048735,-0.19800738733212225
1874,7.586026241201204,-0.1981104971968117
1875,7.5852146086277825,-0.1982126260007478
1876,7.584410874930407,-0.19831377297582714
1877,7.5836150445426815,-0.1984139373726879
1878,7.582827121729608,-0.19851311846075032
1879,7.582047110587252,-0.1986113155282598
1880,7.581275015042465,-0.19870852788232823
1881,7.580510838852569,-0.1988047548489757
1882,7.579754585605088,-0.1988999957731705
1883,7.579006258717457,-0.19899425001887003
1884,7.578265861436726,-0.1990875169690617
1885,7.577533396839323,-0.19917979602580055
1886,7.576808867830774,-0.19927108661024964
1887,7.576092277145429,-0.19936138816271873
1888,7.575383627346238,-0.19945070014270194
1889,7.574682920824469,-0.19953902202891616
1890,7.573990159799495,-0.19962635331933812
1891,7.573305346318552,-0.19971269353124077
1892,7.5726284822564915,-0.19979804220123107
1893,7.571959569315592,-0.19988239888528422
1894,7.571298609025284,-0.19996576315878176
1895,7.570645602742009,-0.2000481346165438
1896,7.570000551648944,-0.20012951287286634
1897,7.569363456755863,-0.2002098975615531
1898,7.568734318898899,-0.2002892883359513
1899,7.5681131387403715,-0.2003676848689841
1900,7.567499916768603,-0.20044508685318344
1901,7.566894653297757,-0.20052149400072222
1902,7.566297348467642,-0.20059690604344702
1903,7.565708002243577,-0.20067132273290839
1904,7.565126614416213,-0.20074474384039287
1905,7.564553184601373,-0.20081716915695383
1906,7.563987712239955,-0.20088859849343943
1907,7.56343019659773,-0.20095903168052492
1908,7.5628806367652555,-0.2010284685687399
1909,7.5623390316577295,-0.20109690902849733
1910,7.5618053800148735,-0.20116435295012244
1911,7.561279680400824,-0.20123080024387902
1912,7.560761931204017,-0.2012962508399979
1913,7.560252130637089,-0.20136070468870307
1914,7.559750276736785,-0.20142416176023784
1915,7.559256367363853,-0.20148662204489137
1916,7.558770400203002,-0.20154808555302195
1917,7.558292372762773,-0.20160855231508437
1918,7.557822282375517,-0.20166802238165168
1919,7.55736012619729,-0.2017264958234411
1920,7.5569059012078315,-0.20178397273133547
1921,7.55645960421048,-0.20184045321640767
1922,7.556021231832166,-0.20189593740994105
1923,7.555590780523338,-0.20195042546345293
1924,7.555168246557951,-0.20200391754871488
1925,7.5547536260334445,-0.20205641385777318
1926,7.554346914870692,-0.20210791460297065
1927,7.553948108814027,-0.20215842001696466
1928,7.553557203431211,-0.20220793035274748
1929,7.553174194113469,-0.20225644588366318
1930,7.552799076075432,-0.20230396690342883
1931,7.552431844355207,-0.20235049372615002
1932,7.552072493814384,-0.20239602668633783
1933,7.551721019138042,-0.20244056613892691
1934,7.551377414834798,-0.20248411245929074
1935,7.551041675236831,-0.20252666604325772
1936,7.550713794499951,-0.2025682273071252
1937,7.550393766603625,-0.20260879668767556
1938,7.550081585351053,-0.2026483746421889
1939,7.549777244369216,-0.20268696164845745
1940,7.54948073710896,-0.2027245582047982
1941,7.549192056845071,-0.20276116483006498
1942,7.548911196676346,-0.2027967820636615
1943,7.548638149525701,-0.20283141046555134
1944,7.548372908140258,-0.20286505061626953
1945,7.548115465091436,-0.20289770311693336
1946,7.54786581277508,-0.2029293685892514
1947,7.547623943411577,-0.20296004767553222
1948,7.547389849045946,-0.20298974103869502
1949,7.547163521548015,-0.20301844936227562
1950,7.54694495261251,-0.20304617335043557
1951,7.546734133759223,-0.20307291372796862
1952,7.546531056333151,-0.20309867124030734
1953,7.546335711504649,-0.20312344665352924
1954,7.546148090269603,-0.20314724075436139
1955,7.545968183449562,-0.20317005435018717
1956,7.54579598169196,-0.2031918882690483
1957,7.545631475470255,-0.20321274335965023
1958,7.54547465508413,-0.20323262049136512
1959,7.545325510659687,-0.20325152055423384
1960,7.545184032149655,-0.2032694444589682
1961,7.545050209333559,-0.20328639313695382
1962,7.5449240318179625,-0.20330236754024977
1963,7.544805489036672,-0.20331736864158967
1964,7.544694570250982,-0.20333139743438047
1965,7.544591264549872,-0.20334445493270342
1966,7.54449556085027,-0.20335654217131152
1967,7.544407447897266,-0.20336766020562907
1968,7.544326914264389,-0.20337781011174796
1969,7.544253948353849,-0.20338699298642532
1970,7.544188538396801,-0.2033952099470802
1971,7.54413067245361,-0.20340246213178906
1972,7.544080338414125,-0.20340875069928177
1973,7.544037523997956,-0.20341407682893592
1974,7.544002216754768,-0.2034184417207712
1975,7.543974404064571,-0.20342184659544282
1976,7.543954073138013,-0.2034242926942351
1977,7.5439412110166835,-0.20342578127905397
1978,7.543935804573431,-0.2034263136324183
1979,7.5439378405126725,-0.2034258910574521
1980,7.543947305370728,-0.20342451487787447
1981,7.54396418551613,-0.20342218643799065
1982,7.543988467149981,-0.203418907102681
1983,7.544020136306269,-0.20341467825739062
1984,7.544059178852245,-0.20340950130811725
1985,7.544105580488743,-0.20340337768139985
1986,7.544159326750566,-0.20339630882430546
1987,7.544220403006832,-0.203388296204416
1988,7.5442887944613535,-0.20337934130981497
1989,7.544364486153026,-0.20336944564907183
1990,7.5444474629561835,-0.20335861075122844
1991,7.544537709581004,-0.20334683816578258
1992,7.544635210573897,-0.20333412946267249
1993,7.5447399503179415,-0.20332048623225824
1994,7.544851913033204,-0.20330591008530788
1995,7.544971082777233,-0.20329040265297657
1996,7.545097443445463,-0.2032739655867884
1997,7.545230978771604,-0.20325660055861863
1998,7.545371672328088,-0.20323830926067354
1999,7.545519507526523,-0.20321909340546895
2000,7.545674467618108,-0.203198954725811
2001,7.545836535694079,-0.2031778949747743
2002,7.546005694686182,-0.2031559159256791
2003,7.546181927367115,-0.20313301937206962
2004,7.546365216350995,-0.20310920712769012
2005,7.546555544093818,-0.20308448102646195
2006,7.5467528928939505,-0.20305884292245832
2007,7.546957244892604,-0.20303229468987932
2008,7.547168582074295,-0.20300483822302776
2009,7.547386886267386,-0.20297647543628058
2010,7.547612139144529,-0.20294720826406457
2011,7.547844322223205,-0.20291703866082714
2012,7.548083416866214,-0.20288596860100946
2013,7.548329404282173,-0.2028540000790181
2014,7.548582265526081,-0.2028211351091943
2015,7.548841981499781,-0.2027873757257867
2016,7.549108532952543,-0.2027527239829185
2017,7.549381900481554,-0.20271718195455868
2018,7.549662064532491,-0.20268075173448893
2019,7.54994900540004,-0.2026434354362726
2020,7.550242703228456,-0.2026052351932216
2021,7.550543138012128,-0.2025661531583626
2022,7.55085028959611,-0.2025261915044044
2023,7.551164137676706,-0.20248535242370264
2024,7.551484661802035,-0.20244363812822466
2025,7.551811841372613,-0.20240105084951387
2026,7.552145655641916,-0.20235759283865415
2027,7.5524860837169845,-0.20231326636623181
2028,7.552833104558978,-0.20226807372229996
2029,7.553186696983825,-0.20222201721633803
2030,7.553546839662766,-0.20217509917721535
2031,7.553913511122986,-0.20212732195315117
2032,7.554286689748215,-0.20207868791167458
2033,7.554666353779356,-0.20202919943958386
2034,7.555052481315089,-0.20197885894290607
2035,7.555445050312488,-0.2019276688468555
2036,7.555844038587665,-0.20187563159579108
2037,7.556249423816384,-0.20182274965317407
2038,7.556661183534727,-0.20176902550152348
2039,7.5570792951396975,-0.20171446164237408
2040,7.557503735889899,-0.20165906059622996
2041,7.5579344829061545,-0.201602824902521
2042,7.558371513172188,-0.20154575711955575
2043,7.55881480353528,-0.20148785982447556
2044,7.5592643307069185,-0.201429135613208
2045,7.559720071263472,-0.20136958710041916
2046,7.560182001646861,-0.20130921691946552
2047,7.560650098165239,-0.20124802772234518
2048,7.5611243369936725,-0.20118602217964862
2049,7.561604694174835,-0.2011232029805084
2050,7.562091145619664,-0.20105957283255002
2051,7.562583667108088,-0.20099513446183948
2052,7.563082234289712,-0.2009298906128322
2053,7.563586822684511,-0.20086384404832128
2054,7.56409740768355,-0.20079699754938365
2055,7.564613964549691,-0.20072935391532729
2056,7.565136468418288,-0.20066091596363778
2057,7.565664894297948,-0.20059168652992188
2058,7.5661992170711985,-0.2005216684678547
2059,7.566739411495239,-0.2004508646491231
2060,7.567285452202673,-0.2003792779633689
2061,7.567837313702245,-0.200306911318132
2062,7.5683949703795514,-0.20023376763879414
2063,7.568958396497808,-0.2001598498685193
2064,7.569527566198582,-0.20008516096819617
2065,7.5701024535025425,-0.20000970391637815
2066,7.570683032310208,-0.1999334817092243
2067,7.571269276402704,-0.19985649736043848
2068,7.571861159442523,-0.19977875390120878
2069,7.572458654974277,-0.19970025438014583
2070,7.573061736425484,-0.19962100186322024
2071,7.573670377107307,-0.1995409994337011
2072,7.574284550215349,-0.19946025019209188
2073,7.574904228830412,-0.1993787572560671
2074,7.57552938591929,-0.19929652376040735
2075,7.576159994335549,-0.199213552856935
2076,7.576796026820303,-0.19912984771444814
2077,7.577437456003,-0.19904541151865562
2078,7.5780842544022216,-0.1989602474721091
2079,7.578736394426487,-0.19887435879413642
2080,7.579393848375032,-0.19878774872077387
2081,7.580056588438612,-0.19870042050469802
2082,7.58072458670031,-0.19861237741515692
2083,7.581397815136343,-0.19852362273790014
2084,7.582076245616889,-0.19843415977510853
2085,7.582759849906855,-0.19834399184532525
2086,7.583448599666736,-0.1982531222833829
2087,7.584142466453405,-0.198161554440333
2088,7.584841421720951,-0.198069291683373
2089,7.585545436821492,-0.1979763373957743
2090,7.586254483005997,-0.19788269497680835
2091,7.586968531425133,-0.1977883678416729
2092,7.587687553130078,-0.19769335942141755
2093,7.588411519073363,-0.1975976731628692
2094,7.589140400109702,-0.19750131252855607
2095,7.5898741669968395,-0.1974042809966319
2096,7.590612790396386,-0.19730658206079915
2097,7.591356240874651,-0.19720821923023277
2098,7.59210448890353,-0.1971091960295003
2099,7.592857504861288,-0.19700951599848662
2100,7.593615259033466,-0.19690918269231306
2101,7.594377721613703,-0.19680819968125912
2102,7.5951448627046085,-0.19670657055068194
2103,7.595916652318611,-0.1966042989009367
2104,7.596693060378812,-0.19650138834729527
2105,7.597474056719853,-0.19639784251986547
2106,7.598259611088778,-0.19629366506350834
2107,7.59904969314592,-0.19618885963775543
2108,7.599844272465716,-0.19608342991672767
2109,7.60064331853762,-0.19597737958905023
2110,7.601446800766975,-0.19587071235776843
2111,7.602254688475856,-0.19576343194026444
2112,7.603066950903979,-0.19565554206817082
2113,7.603883557209554,-0.19554704648728607
2114,7.604704476470154,-0.19543794895748878
2115,7.6055296776836325,-0.1953282532526497
2116,7.606359129768984,-0.1952179631605453
2117,7.607192801567216,-0.19510708248277092
2118,7.608030661842241,-0.19499561503465224
2119,7.608872679281786,-0.1948835646451557
2120,7.609718822498256,-0.19477093515680047
2121,7.610569060029612,-0.1946577304255695
2122,7.611423360340294,-0.19454395432081792
2123,7.612281691822094,-0.19442961072518314
2124,7.613144022795068,-0.1943147035344934
2125,7.614010321508391,-0.19419923665767752
2126,7.614880556141295,-0.19408321401667136
2127,7.615754694803947,-0.19396663954632595
2128,7.616632705538363,-0.19384951719431387
2129,7.617514556319277,-0.1937318509210372
2130,7.618400215055089,-0.19361364469953118
2131,7.619289649588703,-0.193494902515373
2132,7.620182827698496,-0.19337562836658376
2133,7.6210797170991835,-0.19325582626353466
2134,7.62198028544274,-0.19313550022885073
2135,7.6228845003192935,-0.19301465429731493
2136,7.623792329258037,-0.19289329251577084
2137,7.624703739728142,-0.19277141894302569
2138,7.625618699139667,-0.19264903764975225
2139,7.626537174844467,-0.19252615271839085
2140,7.627459134137084,-0.19240276824305155
2141,7.6283845442557,-0.1922788883294132
2142,7.629313372383008,-0.1921545170946257
2143,7.630245585647148,-0.19202965866720897
2144,7.631181151122608,-0.19190431718695325
2145,7.632120035831145,-0.19177849680481754
2146,7.633062206742703,-0.1916522016828284
2147,7.634007630776313,-0.19152543599397873
2148,7.634956274801025,-0.1913982039221249
2149,7.635908105636816,-0.1912705096618844
2150,7.636863090055513,-0.19114235741853253
2151,7.637821194781694,-0.1910137514078996
2152,7.638782386493619,-0.19088469585626636
2153,7.639746631824145,-0.19075519500025992
2154,7.640713897361641,-0.1906252530867488
2155,7.641684149650907,-0.19049487437273807
2156,7.6426573551941015,-0.19036406312526313
2157,7.643633480451633,-0.19023282362128494
2158,7.64461249184312,-0.1901011601475817
2159,7.645594355748271,-0.18996907700064403
2160,7.646579038507811,-0.18983657848656685
2161,7.647566506424436,-0.18970366892094087
2162,7.648556725763678,-0.18957035262874647
2163,7.649549662754859,-0.18943663394424365
2164,7.650545283592011,-0.18930251721086375
2165,7.65154355443477,-0.18916800678110063
2166,7.652544441409313,-0.18903310701640075
2167,7.65354791060928,-0.188897822287053
2168,7.6545539280966794,-0.18876215697207868
2169,7.65556245990281,-0.18862611545912059
2170,7.656573472029193,-0.1884897021443319
2171,7.657586930448475,-0.18835292143226437
2172,7.658602801105331,-0.188215777735758
2173,7.659621049917419,-0.1880782754758266
2174,7.660641642776276,-0.18794041908154652
2175,7.6616645455482315,-0.18780221298994337
2176,7.66268972407532,-0.18766366164587944
2177,7.663717144176209,-0.18752476950193905
2178,7.664746771647123,-0.18738554101831445
2179,7.6657785722627265,-0.18724598066269257
2180,7.666812511777069,-0.1871060929101393
2181,7.667848555924474,-0.18696588224298524
2182,7.668886670420468,-0.18682535315070994
2183,7.669926820962705,-0.18668451012982523
2184,7.6709689732318305,-0.18654335768376176
2185,7.67201309289246,-0.18640190032274928
2186,7.673059145594027,-0.18626014256370285
2187,7.67410709697173,-0.18611808893010415
2188,7.6751569126474255,-0.18597574395188493
2189,7.676208558230547,-0.18583311216530882
2190,7.677261999319,-0.18569019811285375
2191,7.678317201500089,-0.185547006343093
2192,7.679374130351402,-0.18540354141057763
2193,7.680432751441717,-0.18525980787571708
2194,7.681493030331912,-0.18511581030466018
2195,7.682554932575884,-0.18497155326917472
2196,7.683618423721415,-0.18482704134652933
2197,7.684683469311102,-0.1846822791193723
2198,7.685750034883248,-0.1845372711756112
2199,7.686818085972758,-0.18439202210829284
2200,7.687887588112036,-0.18424653651548228
2201,7.688958506831901,-0.18410081900014047
2202,7.690030807662451,-0.1839548741700049
2203,7.691104456133982,-0.18380870663746585
2204,7.692179417777864,-0.18366232101944602
2205,7.693255658127447,-0.18351572193727744
2206,7.694333142718955,-0.18336891401657857
2207,7.695411837092354,-0.18322190188713253
2208,7.696491706792264,-0.18307469018276346
2209,7.697572717368828,-0.18292728354121376
2210,7.6986548343786225,-0.18277968660401944
2211,7.699738023385508,-0.18263190401638807
2212,7.700822249961532,-0.18248394042707386
2213,7.701907479687822,-0.18233580048825285
2214,7.7029936781554404,-0.18218748885540006
2215,7.704080810966286,-0.18203901018716304
2216,7.705168843733947,-0.18189036914523882
2217,7.7062577420846035,-0.18174157039424735
2218,7.70734747165788,-0.18159261860160691
2219,7.708437998107742,-0.18144351843740814
2220,7.709529287103346,-0.18129427457428882
2221,7.710621304329915,-0.1811448916873077
2222,7.71171401548962,-0.18099537445381808
2223,7.712807386302417,-0.18084572755334244
2224,7.713901382506949,-0.18069595566744467
2225,7.714995969861396,-0.1805460634796037
2226,7.716091114144308,-0.18039605567508799
2227,7.717186781155513,-0.18024593694082627
2228,7.718282936716943,-0.18009571196528198
2229,7.7193795466735,-0.17994538543832525
2230,7.720476576893917,-0.17979496205110485
2231,7.721573993271609,-0.17964444649592107
2232,7.722671761725507,-0.17949384346609815
2233,7.723769848200938,-0.17934315765585515
2234,7.724868218670442,-0.17919239376017887
2235,7.725966839134646,-0.17904155647469433
2236,7.727065675623092,-0.1788906504955372
2237,7.728164694195074,-0.17873968051922506
2238,7.72926386094051,-0.17858865124252757
2239,7.730363141980732,-0.1784375673623392
2240,7.731462503469368,-0.1782864335755487
2241,7.732561911593144,-0.178135254578911
2242,7.73366133257274,-0.1779840350689172
2243,7.734760732663606,-0.17783277974166545
2244,7.735860078156798,-0.1776814932927315
2245,7.736959335379806,-0.1775301804170388
2246,7.73805847069737,-0.1773788458087291
2247,7.739157450512306,-0.17722749416103248
2248,7.740256241266344,-0.17707613016613685
2249,7.7413548094409235,-0.1769247585150587
2250,7.74245312155801,-0.17677338389751318
2251,7.743551144180931,-0.1766220110017827
2252,7.744648843915165,-0.17647064451458816
2253,7.745746187409166,-0.17631928912095704
2254,7.746843141355171,-0.1761679495040942
2255,7.74793967249001,-0.17601663034525017
2256,7.749035747595886,-0.17586533632359214
2257,7.7501313335012,-0.1757140721160722
2258,7.751226397081337,-0.17556284239729728
2259,7.752320905259474,-0.1754116518393979
2260,7.75341482500738,-0.17526050511189692
2261,7.754508123346182,-0.17510940688158047
2262,7.75560076734719,-0.17495836181236504
2263,7.756692724132648,-0.17480737456516832
2264,7.757783960876552,-0.17465644979777697
2265,7.758874444805425,-0.17450559216471617
2266,7.759964143199079,-0.1743548063171189
2267,7.761053023391427,-0.1742040969025942
2268,7.762141052771217,-0.17405346856509762
2269,7.76322819878286,-0.1739029259447979
2270,7.764314428927147,-0.17375247367794835
2271,7.765399710762051,-0.17360211639675435
2272,7.7664840119035015,-0.17345185872924218
2273,7.767567300026114,-0.17330170529912936
2274,7.768649542863981,-0.17315166072569227
2275,7.769730708211436,-0.17300172962363541
2276,7.770810763923778,-0.1728519166029613
2277,7.7718896779180495,-0.17270222626883888
2278,7.772967418173808,-0.17255266322147178
2279,7.774043952733842,-0.1724032320559687
2280,7.77511924970491,-0.17225393736221295
2281,7.7761932772585425,-0.17210478372472948
2282,7.777266003631724,-0.1719557757225561
2283,7.7783373971276735,-0.17180691792911185
2284,7.779407426116556,-0.17165821491206662
2285,7.7804760590362205,-0.171509671233211
2286,7.78154326439297,-0.171361291448324
2287,7.782609010762233,-0.17121308010704456
2288,7.783673266789327,-0.1710650417527405
2289,7.7847360011901845,-0.17091718092237743
2290,7.785797182752048,-0.1707695021463899
2291,7.7868567803342135,-0.17062200994855015
2292,7.7879147628687555,-0.17047470884583774
2293,7.788971099361223,-0.17032760334831032
2294,7.790025758891344,-0.17018069795897423
2295,7.791078710613766,-0.17003399717365272
2296,7.792129923758734,-0.16988750548085846
2297,7.793179367632793,-0.16974122736166308
2298,7.794227011619521,-0.16959516728956714
2299,7.795272825180187,-0.16944932973037197
2300,7.796316777854483,-0.16930371914204898
2301,7.797358839261199,-0.16915833997461155
2302,7.798398979098899,-0.16901319666998674
2303,7.799437167146642,-0.16886829366188458
2304,7.800473373264661,-0.16872363537567003
2305,7.801507567395014,-0.16857922622823604
2306,7.802539719562299,-0.1684350706278726
2307,7.803569799874309,-0.16829117297414095
2308,7.80459777852272,-0.16814753765774348
2309,7.805623625783763,-0.16800416906039664
2310,7.806647312018887,-0.16786107155470303
2311,7.807668807675413,-0.16771824950402484
2312,7.808688083287231,-0.1675757072623542
2313,7.809705109475427,-0.16743344917418812
2314,7.810719856948958,-0.16729147957440027
2315,7.811732296505305,-0.16714980278811428
2316,7.812742399031126,-0.1670084231305773
2317,7.813750135502896,-0.1668673449070334
2318,7.814755476987571,-0.16672657241259703
2319,7.815758394643228,-0.166586109932127
2320,7.8167588597196795,-0.16644596174010154
2321,7.81775684355916,-0.1663061321004909
2322,7.818752317596917,-0.16616662526663337
2323,7.819745253361876,-0.1660274454811094
2324,7.820735622477247,-0.16588859697561678
2325,7.821723396661168,-0.16575008397084579
2326,7.822708547727333,-0.1656119106763543
2327,7.823691047585583,-0.1654740812904448
2328,7.824670868242565,-0.16533660000003841
2329,7.825647981802315,-0.1651994709805531
2330,7.826622360466903,-0.1650626983957779
2331,7.827593976537012,-0.16492628639775184
2332,7.828562802412562,-0.16479023912663943
2333,7.82952881059332,-0.16465456071060824
2334,7.830491973679485,-0.1645192552657068
2335,7.831452264372299,-0.16438432689574187
2336,7.832409655474638,-0.16424977969215676
2337,7.833364119891607,-0.16411561773390962
2338,7.834315630631142,-0.1639818450873515
2339,7.835264160804567,-0.16384846580610649
2340,7.836209683627219,-0.16371548393094912
2341,7.83715217241899,-0.16358290348968593
2342,7.838091600604926,-0.16345072849703393
2343,7.839027941715813,-0.16331896295450055
2344,7.8399611693887294,-0.16318761085026479
2345,7.840891257367622,-0.16305667615905786
2346,7.841818179503893,-0.1629261628420431
2347,7.842741909756927,-0.16279607484669922
2348,7.843662422194683,-0.16266641610670063
2349,7.844579690994244,-0.1625371905417997
2350,7.845493690442372,-0.1624084020577091
2351,7.846404394936058,-0.16228005454598513
2352,7.847311778983065,-0.16215215188391024
2353,7.848215817202509,-0.1620246979343757
2354,7.849116484325353,-0.16189769654576722
2355,7.850013755194986,-0.16177115155184701
2356,7.850907604767753,-0.16164506677163937
2357,7.851798008113473,-0.16151944600931548
2358,7.852684940415992,-0.16139429305407843
2359,7.853568376973703,-0.16126961168004847
2360,7.854448293200082,-0.16114540564614918
2361,7.855324664624186,-0.16102167869599435
2362,7.856197466891211,-0.16089843455777347
2363,7.857066675762979,-0.16077567694413997
2364,7.857932267118458,-0.1606534095520984
2365,7.858794216954306,-0.16053163606289111
2366,7.859652501385327,-0.1604103601418888
2367,7.860507096645009,-0.1602895854384775
2368,7.861357979086037,-0.1601693155859477
2369,7.8622051251807585,-0.1600495542013851
2370,7.863048511521702,-0.1599303048855596
2371,7.863888114822082,-0.15981157122281506
2372,7.8647239119162675,-0.15969335678096153
2373,7.865555879760282,-0.15957566511116525
2374,7.866383995432286,-0.1594584997478411
2375,7.8672082361330755,-0.15934186420854335
2376,7.868028579186514,-0.1592257619938606
2377,7.868845002040076,-0.15911019658730582
2378,7.86965748226526,-0.15899517145521216
2379,7.870465997558106,-0.15888069004662483
2380,7.871270525739623,-0.1587667557931973
2381,7.872071044756289,-0.1586533721090844
2382,7.872867532680487,-0.15854054239083862
2383,7.8736599677109815,-0.15842827001730503
2384,7.874448328173354,-0.15831655834951852
2385,7.875232592520487,-0.1582054107305989
2386,7.876012739332975,-0.1580948304856498
2387,7.876788747319611,-0.1579848209216542
2388,7.877560595317795,-0.15787538532737475
2389,7.878328262294003,-0.1577665269732505
2390,7.879091727344204,-0.15765824911129725
2391,7.879850969694312,-0.1575505549750061
2392,7.880605968700612,-0.15744344777924382
2393,7.881356703850189,-0.15733693072015376
2394,7.882103154761342,-0.15723100697505707
2395,7.882845301184034,-0.1571256797023533
2396,7.8835831230002835,-0.1570209520414237
2397,7.884316600224608,-0.15691682711253266
2398,7.885045713004418,-0.15681330801673177
2399,7.885770441620443,-0.15671039783576302
2400,7.886490766487127,-0.15660809963196334
2401,7.887206668153041,-0.15650641644816893
2402,7.887918127301302,-0.15640535130762023
2403,7.888625124749932,-0.156304907213869
2404,7.88932764145229,-0.15620508715068354
2405,7.890025658497461,-0.15610589408195544
2406,7.890719157110631,-0.15600733095160785
2407,7.891408118653491,-0.15590940068350306
2408,7.89209252462461,-0.15581210618135097
2409,7.892772356659823,-0.15571545032861847
2410,7.893447596532611,-0.1556194359884387
2411,7.894118226154475,-0.15552406600352156
2412,7.894784227575313,-0.15542934319606444
2413,7.895445582983781,-0.1553352703676637
2414,7.896102274707672,-0.15524185029922655
2415,7.896754285214263,-0.15514908575088374
2416,7.897401597110699,-0.15505697946190233
2417,7.898044193144335,-0.15496553415059977
2418,7.898682056203097,-0.15487475251425778
2419,7.899315169315828,-0.15478463722903807
2420,7.899943515652653,-0.15469519094989653
2421,7.900567078525306,-0.15460641631050076
2422,7.901185841387488,-0.1545183159231456
2423,7.901799787835201,-0.15443089237867097
2424,7.902408901607077,-0.15434414824638032
2425,7.903013166584748,-0.1542580860739573
2426,7.903612566793128,-0.15417270838738717
2427,7.90420708640078,-0.154088017690875
2428,7.904796709720224,-0.1540040164667666
2429,7.905381421208263,-0.15392070717546957
2430,7.90596120546631,-0.15383809225537462
2431,7.906536047240691,-0.15375617412277828
2432,7.907105931422976,-0.15367495517180532
2433,7.907670843050271,-0.15359443777433252
2434,7.908230767305543,-0.15351462427991308
2435,7.908785689517921,-0.15343551701570066
2436,7.909335595162998,-0.1533571182863752
2437,7.909880469863126,-0.1532794303740694
2438,7.9104202993877095,-0.15320245553829534
2439,7.910955069653516,-0.15312619601587127
2440,7.911484766724938,-0.15305065402085083
2441,7.912009376814316,-0.15297583174445029
2442,7.912528886282192,-0.15290173135497911
2443,7.9130432816376155,-0.15282835499776917
2444,7.913552549538401,-0.15275570479510633
2445,7.914056676791416,-0.15268378284616116
2446,7.914555650352859,-0.1526125912269209
2447,7.915049457328515,-0.15254213199012273
2448,7.915538084974029,-0.15247240716518684
2449,7.916021520695182,-0.15240341875815028
2450,7.916499752048131,-0.1523351687516022
2451,7.916972766739681,-0.15226765910461912
2452,7.917440552627524,-0.1522008917527015
2453,7.917903097720532,-0.15213486860770903
2454,7.918360390178956,-0.15206959155779995
2455,7.918812418314704,-0.15200506246736828
2456,7.919259170591572,-0.15194128317698324
2457,7.919700635625486,-0.15187825550332873
2458,7.920136802184755,-0.15181598123914272
2459,7.920567659190294,-0.15175446215315924
2460,7.920993195715833,-0.1516936999900507
2461,7.921413400988175,-0.15163369647036948
2462,7.921828264387437,-0.1515744532904899
2463,7.92223777544723,-0.15151597212255452
2464,7.922641923854902,-0.15145825461441723
2465,7.92304069945177,-0.15140130238958818
2466,7.923434092233287,-0.15134511704718165
2467,7.923822092349315,-0.15128970016186044
2468,7.924204690104294,-0.15123505328378475
2469,7.924581875957454,-0.15118117793856012
2470,7.924953640523021,-0.15112807562718625
2471,7.925319974570416,-0.1510757478260067
2472,7.92568086902445,-0.15102419598665942
2473,7.926036314965524,-0.1509734215360272
2474,7.926386303629809,-0.15092342587619065
2475,7.926730826409443,-0.15087421038437984
2476,7.927069874852721,-0.15082577641292755
2477,7.927403440664272,-0.15077812528922382
2478,7.9277315157052195,-0.15073125831567116
2479,7.928054091993396,-0.1506851767696388
2480,7.9283711617034776,-0.1506398819034207
2481,7.928682717167191,-0.15059537494419056
2482,7.928988750873448,-0.15055165709396154
2483,7.929289255468527,-0.1505087295295441
2484,7.929584223756229,-0.1504665934025052
2485,7.929873648698047,-0.1504252498391283
2486,7.930157523413325,-0.15038469994037373
2487,7.930435841179382,-0.15034494478184174
2488,7.9307085954317005,-0.15030598541373308
2489,7.930975779764038,-0.15026782286081397
2490,7.931237387928593,-0.15023045812237856
2491,7.931493413836147,-0.1501938921722138
2492,7.93174385155619,-0.15015812595856556
2493,7.931988695317075,-0.15012316040410364
2494,7.93222793950613,-0.15008899640588994
2495,7.932461578669799,-0.15005563483534543
2496,7.932689607513763,-0.15002307653821925
2497,7.932912020903074,-0.14999132233455703
2498,7.933128813862278,-0.1499603730186714
2499,7.933339981575508,-0.1499302293591135
2500,7.933545519386629,-0.1499008920986435
2501,7.933745422799336,-0.14987236194774137
2502,7.933939687458939,-0.1498446395880312
2503,7.934128309134171,-0.1498177256817597
2504,7.93431128371721,-0.14979162087178174
2505,7.9344886072237735,-0.14976632578154425
2506,7.934660275793163,-0.1497418410150722
2507,7.934826285688321,-0.14971816715695388
2508,7.934986633295916,-0.14969530477232648
2509,7.935141315126357,-0.14967325440686396
2510,7.935290327813896,-0.1496520165867626
2511,7.9354336681166275,-0.14963159181873023
2512,7.935571332916572,-0.1496119805899733
2513,7.935703319219721,-0.14959318336818506
2514,7.93582962415609,-0.14957520060153462
2515,7.9359502449797255,-0.14955803271865784
2516,7.936065179068796,-0.14954168012864502
2517,7.936174423925601,-0.14952614322103272
2518,7.936277977176613,-0.14951142236579454
2519,7.936375836572517,-0.14949751791333205
2520,7.936467999988258,-0.14948443019446642
2521,7.936554465423056,-0.14947215952043091
2522,7.936635231000431,-0.14946070618286436
2523,7.936710294968258,-0.14945007045380296
2524,7.936779655698768,-0.1494402525856751
2525,7.936843311688591,-0.1494312528112946
2526,7.936901261558763,-0.1494230713438564
2527,7.936953504054768,-0.14941570837693036
2528,7.937000038046518,-0.14940916408445865
2529,7.937040862528425,-0.14940343862074942
2530,7.937075976619358,-0.14939853212047582
2531,7.9371053795626985,-0.14939444469867116
2532,7.937129070726348,-0.14939117645072655
2533,7.937147049602699,-0.1493887274523904
2534,7.937159315808686,-0.14938709775976503
2535,7.937165869085782,-0.14938628740930585
2536,7.9371667092999765,-0.149386296417822
2537,7.937161836441803,-0.14938712478247476
2538,7.937151250626322,-0.14938877248077875
2539,7.93713495209314,-0.14939123947060182
2540,7.93711294120638,-0.14939452569016726
2541,7.937085218454683,-0.1493986310580553
2542,7.937051784451209,-0.14940355547320486
2543,7.93701263993362,-0.14940929881491624
2544,7.936967785764073,-0.1494158609428546
2545,7.936917222929198,-0.14942324169705345
2546,7.936860952540069,-0.14943144089791957
2547,7.936798975832225,-0.14944045834623557
2548,7.936731294165611,-0.14945029382316713
2549,7.936657909024575,-0.149460947090267
2550,7.9365788220178555,-0.14947241788948107
2551,7.936494034878522,-0.1494847059431561
2552,7.9364035494639635,-0.1494978109540459
2553,7.936307367755885,-0.14951173260531733
2554,7.936205491860231,-0.1495264705605608
2555,7.9360979240071785,-0.14954202446379675
2556,7.935984666551103,-0.14955839393948472
2557,7.935865721970532,-0.14957557859253306
2558,7.935741092868097,-0.14959357800830894
2559,7.9356107819705155,-0.14961239175264762
2560,7.935474792128527,-0.14963201937186388
2561,7.935333126316856,-0.14965246039276303
2562,7.935185787634174,-0.14967371432265214
2563,7.935032779303028,-0.14969578064935285
2564,7.9348741046698095,-0.14971865884121344
2565,7.934709767204687,-0.14974234834712224
2566,7.934539770501571,-0.14976684859652015
2567,7.934364118278031,-0.14979215899941606
2568,7.934182814375261,-0.14981827894640024
2569,7.933995862757995,-0.14984520780865976
2570,7.933803267514456,-0.14987294493799408
2571,7.933605032856309,-0.1499014896668295
2572,7.933401163118572,-0.14993084130823672
2573,7.933191662759525,-0.14996099915594863
2574,7.932976536360702,-0.14999196248437469
2575,7.932755788626764,-0.15002373054862103
2576,7.932529424385447,-0.1500563025845077
2577,7.932297448587477,-0.15008967780858753
2578,7.93205986630651,-0.1501238554181647
2579,7.93181668273902,-0.1501588345913151
2580,7.9315679032042565,-0.15019461448690535
2581,7.931313533144112,-0.15023119424461484
2582,7.931053578123086,-0.1502685729849547
2583,7.930788043828153,-0.15030674980929098
2584,7.930516936068701,-0.15034572379986538
2585,7.930240260776426,-0.1503854940198181
2586,7.929958024005251,-0.15042605951321
2587,7.92967023193121,-0.1504674193050468
2588,7.929376890852367,-0.15050957240130192
2589,7.929078007188699,-0.1505525177889415
2590,7.928773587482011,-0.15059625443594804
2591,7.928463638395838,-0.15064078129134542
2592,7.928148166715301,-0.15068609728522603
2593,7.927827179347039,-0.1507322013287749
2594,7.92750068331908,-0.15077909231429718
2595,7.927168685780746,-0.15082676911524376
2596,7.926831194002499,-0.15087523058624114
2597,7.926488215375875,-0.1509244755631165
2598,7.926139757413335,-0.1509745028629273
2599,7.925785827748163,-0.15102531128398927
2600,7.9254264341343115,-0.151076899605907
2601,7.925061584446327,-0.15112926658960174
2602,7.924691286679183,-0.1511824109773424
2603,7.924315548948159,-0.15123633149277638
2604,7.923934379488733,-0.1512910268409593
2605,7.923547786656431,-0.15134649570838732
2606,7.923155778926701,-0.15140273676302848
2607,7.922758364894761,-0.15145974865435574
2608,7.922355553275481,-0.15151753001337856
2609,7.921947352903244,-0.1515760794526768
2610,7.921533772731777,-0.15163539556643427
2611,7.921114821834047,-0.1516954769304723
2612,7.920690509402073,-0.15175632210228523
2613,7.92026084474681,-0.1518179296210741
2614,7.919825837297995,-0.15188029800778233
2615,7.919385496603973,-0.15194342576513245
2616,7.91893983233157,-0.15200731137766096
2617,7.918488854265921,-0.15207195331175613
2618,7.918032572310311,-0.15213735001569445
2619,7.917570996486037,-0.1522034999196779
2620,7.917104136932212,-0.1522704014358731
2621,7.91663200390562,-0.1523380529584488
2622,7.9161546077805625,-0.15240645286361423
2623,7.915671959048659,-0.15247559950965986
2624,7.9151840683187045,-0.15254549123699568
2625,7.914690946316485,-0.15261612636819194
2626,7.914192603884602,-0.1526875032080201
2627,7.913689051982302,-0.1527596200434926
2628,7.91318030168531,-0.152832475143905
2629,7.912666364185612,-0.15290606676087842
2630,7.912147250791304,-0.15298039312840087
2631,7.911622972926405,-0.15305545246287006
2632,7.911093542130653,-0.15313124296313702
2633,7.910558970059337,-0.15320776281054901
2634,7.910019268483102,-0.15328501016899312
2635,7.909474449287745,-0.1533629831849419
2636,7.908924524474029,-0.15344167998749708
2637,7.908369506157492,-0.1535210986884348
2638,7.907809406568232,-0.15360123738225187
2639,7.907244238050713,-0.15368209414621142
2640,7.906674013063585,-0.15376366704038827
2641,7.906098744179435,-0.15384595410771806
2642,7.90551844408462,-0.15392895337404203
2643,7.904933125579029,-0.15401266284815665
2644,7.904342801575892,-0.15409708052186047
2645,7.903747485101563,-0.15418220437000274
2646,7.903147189295294,-0.15426803235053277
2647,7.902541927409017,-0.15435456240454928
2648,7.901931712807161,-0.15444179245634843
2649,7.901316558966366,-0.15452972041347662
2650,7.900696479475328,-0.15461834416677833
2651,7.900071488034512,-0.15470766159044907
2652,7.899441598455974,-0.1547976705420852
2653,7.898806824663091,-0.15488836886273671
2654,7.898167180690371,-0.15497975437695785
2655,7.897522680683175,-0.15507182489286128
2656,7.896873338897508,-0.15516457820216994
2657,7.896219169699776,-0.15525801208027037
2658,7.895560187566548,-0.15535212428626624
2659,7.894896407084305,-0.15544691256303272
2660,7.894227842949197,-0.15554237463727097
2661,7.893554509966802,-0.15563850821956254
2662,7.892876423051879,-0.15573531100442448
2663,7.892193597228098,-0.15583278067036588
2664,7.8915060476278205,-0.15593091487994215
2665,7.89081378949182,-0.15602971127981258
2666,7.890116838169014,-0.15612916750079736
2667,7.8894152091162395,-0.15622928115793336
2668,7.88870891789797,-0.15633004985053223
2669,7.887997980186046,-0.15643147116223877
2670,7.887282411759415,-0.1565335426610887
2671,7.886562228503883,-0.15663626189956673
2672,7.885837446411818,-0.1567396264146659
2673,7.885108081581881,-0.15684363372794774
2674,7.884374150218766,-0.1569482813456006
2675,7.8836356686329125,-0.1570535667585005
2676,7.882892653240241,-0.15715948744227104
2677,7.882145120561845,-0.15726604085734494
2678,7.88139308722373,-0.15737322444902493
2679,7.880636569956525,-0.1574810356475445
2680,7.879875585595201,-0.15758947186813038
2681,7.879110151078753,-0.15769853051106553
2682,7.878340283449943,-0.15780820896175032
2683,7.877565999854995,-0.157918504590766
2684,7.876787317543298,-0.158029414753938
2685,7.876004253867097,-0.15814093679239996
2686,7.8752168262812035,-0.1582530680326575
2687,7.874425052342705,-0.15836580578665194
2688,7.873628949710631,-0.15847914735182594
2689,7.872828536145678,-0.15859309001118774
2690,7.872023829509871,-0.15870763103337746
2691,7.871214847766269,-0.15882276767273196
2692,7.870401608978679,-0.15893849716935016
2693,7.869584131311271,-0.15905481674916205
2694,7.868762433028325,-0.15917172362399282
2695,7.867936532493872,-0.15928921499163162
2696,7.867106448171407,-0.1594072880358974
2697,7.866272198623526,-0.15952593992670838
2698,7.86543380251164,-0.15964516782014812
2699,7.864591278595596,-0.15976496885853655
2700,7.863744645733404,-0.15988534017049583
2701,7.862893922880859,-0.16000627887102156
2702,7.862039129091234,-0.16012778206155076
2703,7.861180283514921,-0.16024984683003254
2704,7.860317405399107,-0.1603724702509976
2705,7.859450514087436,-0.16049564938562816
2706,7.858579629019641,-0.16061938128182995
2707,7.857704769731212,-0.16074366297430207
2708,7.856825955853069,-0.1608684914846081
2709,7.8559432071111726,-0.16099386382124856
2710,7.855056543326201,-0.16111977697973207
2711,7.854165984413174,-0.1612462279426482
2712,7.853271550381114,-0.16137321367973936
2713,7.852373261332683,-0.1615007311479738
2714,7.851471137463805,-0.16162877729161906
2715,7.85056519906331,-0.1617573490423156
2716,7.849655466512593,-0.16188644331914898
2717,7.848741960285218,-0.1620160570287253
2718,7.847824700946533,-0.1621461870652463
2719,7.846903709153343,-0.16227683031058146
2720,7.845979005653495,-0.16240798363434533
2721,7.845050611285531,-0.1625396438939708
2722,7.844118546978276,-0.16267180793478644
2723,7.84318283375049,-0.16280447259009057
2724,7.842243492710466,-0.16293763468122807
2725,7.841300545055633,-0.16307129101766749
2726,7.840354012072194,-0.1632054383970762
2727,7.839403915134719,-0.16334007360539818
2728,7.838450275705755,-0.16347519341693095
2729,7.837493115335448,-0.1636107945944024
2730,7.836532455661097,-0.1637468738890506
2731,7.835568318406814,-0.1638834280406991
2732,7.834600725383076,-0.16402045377783767
2733,7.833629698486353,-0.16415794781769857
2734,7.832655259698687,-0.16429590686633688
2735,7.83167743108729,-0.16443432761870883
2736,7.830696234804115,-0.1645732067587519
2737,7.829711693085476,-0.16471254095946317
2738,7.828723828251594,-0.16485232688298088
2739,7.827732662706205,-0.16499256118066313
2740,7.826738218936152,-0.16513324049316822
2741,7.8257405195109175,-0.16527436145053653
2742,7.824739587082257,-0.16541592067226968
2743,7.823735444383717,-0.16555791476741355
2744,7.822728114230254,-0.16570034033463768
2745,7.82171761951776,-0.16584319396231878
2746,7.820703983222666,-0.16598647222862112
2747,7.819687228401497,-0.16613017170157873
2748,7.818667378190425,-0.16627428893917837
2749,7.817644455804821,-0.16641882048944248
2750,7.816618484538849,-0.16656376289051028
2751,7.815589487764974,-0.16670911267072297
2752,7.814557488933554,-0.16685486634870517
2753,7.813522511572379,-0.16700102043344905
2754,7.812484579286199,-0.167147571424399
2755,7.811443715756321,-0.1672945158115334
2756,7.810399944740085,-0.16744185007545137
2757,7.809353290070469,-0.1675895706874553
2758,7.808303775655594,-0.16773767410963594
2759,7.807251425478273,-0.16788615679495747
2760,7.806196263595532,-0.16803501518734285
2761,7.805138314138177,-0.1681842457217577
2762,7.8040776013102775,-0.16833384482429775
2763,7.803014149388749,-0.16848380891227238
2764,7.8019479827228295,-0.1686341343942923
2765,7.800879125733633,-0.16878481767035486
2766,7.799807602913656,-0.16893585513193046
2767,7.798733438826325,-0.16908724316204826
2768,7.797656658105475,-0.16923897813538438
2769,7.796577285454894,-0.16939105641834762
2770,7.795495345647805,-0.16954347436916758
2771,7.794410863526437,-0.16969622833797993
2772,7.793323864001465,-0.16984931466691613
2773,7.792234372051561,-0.17000272969018965
2774,7.791142412722863,-0.17015646973418497
2775,7.7900480111285155,-0.17031053111754443
2776,7.788951192448158,-0.17046491015125625
2777,7.787851981927391,-0.17061960313874483
2778,7.786750404877301,-0.17077460637595773
2779,7.78564648667397,-0.17092991615145378
2780,7.784540252757927,-0.1710855287464937
2781,7.783431728633649,-0.17124144043512857
2782,7.78232093986906,-0.17139764748428857
2783,7.781207912095014,-0.17155414615387246
2784,7.7800926710047555,-0.1717109326968381
2785,7.7789752423534315,-0.17186800335929064
2786,7.777855651957549,-0.17202535438057368
2787,7.776733925694443,-0.172182981993359
2788,7.775610089501771,-0.17234088242373657
2789,7.774484169376964,-0.17249905189130532
2790,7.773356191376714,-0.17265748660926297
2791,7.772226181616432,-0.172816182784497
2792,7.771094166269702,-0.17297513661767625
2793,7.7699601715677655,-0.1731343443033404
2794,7.768824223798963,-0.1732938020299923
2795,7.767686349308205,-0.17345350598018855
2796,7.76654657449641,-0.1736134523306313
2797,7.765404925819984,-0.17377363725225933
2798,7.7642614297902535,-0.17393405691034
2799,7.763116112972905,-0.1740947074645615
2800,7.761969001987461,-0.1742555850691236
2801,7.760820123506719,-0.1744166858728301
2802,7.759669504256159,-0.17457800601918233
2803,7.758517171013441,-0.174739541646469
2804,7.757363150607795,-0.1749012888878608
2805,7.756207469919485,-0.17506324387150177
2806,7.755050155879226,-0.17522540272060255
2807,7.753891235467627,-0.17538776155353272
2808,7.752730735714635,-0.1755503164839133
2809,7.751568683698932,-0.17571306362071076
2810,7.750405106547378,-0.17587599906832957
2811,7.749240031434439,-0.17603911892670507
2812,7.748073485581608,-0.1762024192913971
2813,7.746905496256812,-0.1763658962536836
2814,7.745736090773835,-0.17652954590065392
2815,7.744565296491738,-0.17669336431530255
2816,7.743393140814279,-0.17685734757662244
2817,7.74221965118931,-0.17702149175969875
2818,7.741044855108193,-0.17718579293580347
2819,7.739868780105207,-0.17735024717248865
2820,7.738691453756952,-0.17751485053368082
2821,7.737512903681765,-0.17767959907977451
2822,7.7363331575390895,-0.17784448886772772
2823,7.735152243028917,-0.1780095159511545
2824,7.733970187891144,-0.1781746763804212
2825,7.732787019904998,-0.17833996620273906
2826,7.731602766888419,-0.17850538146225992
2827,7.730417456697445,-0.1786709182001704
2828,7.729231117225605,-0.17883657245478693
2829,7.7280437764033065,-0.17900234026165004
2830,7.726855462197231,-0.17916821765361887
2831,7.725666202609708,-0.17933420066096653
2832,7.724476025678081,-0.17950028531147533
2833,7.723284959474112,-0.17966646763053098
2834,7.722093032103354,-0.17983274364121768
2835,7.7209002717045125,-0.17999910936441343
2836,7.7197067064488385,-0.1801655608188852
2837,7.718512364539484,-0.18033209402138384
2838,7.717317274210883,-0.18049870498673926
2839,7.716121463728106,-0.1806653897279562
2840,7.71492496138625,-0.18083214425630836
2841,7.713727795509767,-0.1809989645814355
2842,7.712529994451865,-0.18116584671143668
2843,7.711331586593842,-0.18133278665296734
2844,7.710132600344448,-0.18149978041133422
2845,7.708933064139252,-0.18166682399059036
2846,7.707733006439996,-0.18183391339363078
2847,7.70653245573393,-0.18200104462228867
2848,7.705331440533182,-0.1821682136774301
2849,7.704129989374119,-0.18233541655904892
2850,7.702928130816645,-0.1825026492663649
2851,7.701725893443608,-0.18266990779791611
2852,7.700523305860102,-0.18283718815165678
2853,7.699320396692821,-0.18300448632505217
2854,7.698117194589413,-0.18317179831517363
2855,7.6969137282177975,-0.1833391201187952
2856,7.695710026265517,-0.1835064477324883
2857,7.694506117439064,-0.1836737771527184
2858,7.6933020304632285,-0.1838411043759393
2859,7.69209779408042,-0.18400842539868967
2860,7.6908934370499855,-0.18417573621768873
2861,7.689688988147564,-0.18434303282993145
2862,7.688484476164395,-0.1845103112327843
2863,7.687279929906643,-0.18467756742408103
2864,7.686075378194752,-0.18484479740221732
2865,7.684870849862713,-0.1850119971662479
2866,7.683666373757434,-0.18517916271598073
2867,7.682461978738045,-0.18534629005207262
2868,7.681257693675192,-0.18551337517612615
2869,7.680053547450391,-0.18568041409078292
2870,7.67884956895531,-0.18584740279982095
2871,7.677645787091097,-0.18601433730824907
2872,7.676442230767693,-0.1861812136224023
2873,7.67523892890313,-0.18634802775003778
2874,7.67403591042286,-0.18651477570042915
2875,7.6728332042590415,-0.1866814534844627
2876,7.67163083934986,-0.18684805711473162
2877,7.670428844638801,-0.1870145826056331
2878,7.6692272490740026,-0.1871810259734609
2879,7.6680260816075165,-0.18734738323650219
2880,7.666825371194617,-0.18751365041513224
2881,7.665625146793104,-0.1876798235319093
2882,7.6644254373626035,-0.18784589861166914
2883,7.663226271863865,-0.18801187168161992
2884,7.662027679258036,-0.18817773877143798
2885,7.660829688505967,-0.18834349591336202
2886,7.659632328567511,-0.1885091391422872
2887,7.6584356284008095,-0.18867466449586037
2888,7.657239616961565,-0.1888400680145748
2889,7.656044323202351,-0.18900534574186434
2890,7.654849776071885,-0.1891704937241977
2891,7.65365600451432,-0.18933550801117313
2892,7.652463037468527,-0.18950038465561236
2893,7.651270903867368,-0.18966511971365524
2894,7.650079632637001,-0.18982970924485304
2895,7.648889252696139,-0.18999414931226316
2896,7.64769979295534,-0.19015843598254278
2897,7.646511282316272,-0.19032256532604291
2898,7.6453237496709985,-0.1904865334169024
2899,7.644137223901269,-0.19065033633314024
2900,7.64295173387777,-0.19081397015675075
2901,7.641767308459411,-0.19097743097379621
2902,7.640583976492604,-0.19114071487449985
2903,7.639401766810505,-0.19130381795334075
2904,7.63822070823233,-0.1914667363091447
2905,7.637040829562593,-0.19162946604517903
2906,7.635862159590365,-0.1917920032692454
2907,7.63468472708859,-0.19195434409377113
2908,7.633508560813299,-0.192116484635904
2909,7.632333689502907,-0.19227842101760328
2910,7.631160141877474,-0.1924401493657329
2911,7.629987946637961,-0.19260166581215368
2912,7.628817132465491,-0.19276296649381583
2913,7.627647728020629,-0.19292404755285075
2914,7.626479761942632,-0.19308490513666285
2915,7.625313262848711,-0.193245535398022
2916,7.624148259333278,-0.1934059344951553
2917,7.622984779967239,-0.19356609859183793
2918,7.621822853297213,-0.1937260238574855
2919,7.62066250784483,-0.19388570646724446
2920,7.619503772105967,-0.1940451426020838
2921,7.618346674549988,-0.19420432844888688
2922,7.617191243619034,-0.19436326020054098
2923,7.616037507727261,-0.19452193405602897
2924,7.614885495260101,-0.19468034622051922
2925,7.613735234573495,-0.19483849290545754
2926,7.612586753993191,-0.19499637032865524
2927,7.611440081813947,-0.19515397471438176
2928,7.610295246298819,-0.1953113022934528
2929,7.609152275678413,-0.1954683493033206
2930,7.608011198150106,-0.1956251119881648
2931,7.60687204187734,-0.19578158659898004
2932,7.605734834988822,-0.19593776939366778
2933,7.604599605577828,-0.1960936566371229
2934,7.603466381701421,-0.19624924460132456
2935,7.602335191379701,-0.19640452956542473
2936,7.601206062595083,-0.19655950781583562
2937,7.600079023291514,-0.1967141756463201
2938,7.598954101373732,-0.19686852935807894
2939,7.597831324706527,-0.19702256525983922
2940,7.596710721113972,-0.19717627966794216
2941,7.59559231837868,-0.19732966890643167
2942,7.594476144241057,-0.19748272930714064
2943,7.59336222639855,-0.19763545720977924
2944,7.5922505925048736,-0.19778784896202273
2945,7.591141270169305,-0.19793990091959657
2946,7.5900342869558735,-0.1980916094463657
2947,7.588929670382642,-0.19824297091441986
2948,7.587827447920954,-0.19839398170416014
2949,7.586727646994687,-0.19854463820438506
2950,7.585630294979492,-0.19869493681237663
2951,7.5845354192020205,-0.19884487393398756
2952,7.583443046939216,-0.19899444598372487
2953,7.582353205417523,-0.1991436493848371
2954,7.581265921812161,-0.1992924805693985
2955,7.580181223246351,-0.1994409359783946
2956,7.5790991367906,-0.1995890120618062
2957,7.57801968946192,-0.19973670527869472
2958,7.576942908223068,-0.19988401209728707
2959,7.575868819981824,-0.20003092899505892
2960,7.5747974515902365,-0.20017745245881827
2961,7.573728829843846,-0.200323578984791
2962,7.5726629814809785,-0.20046930507870195
2963,7.571599933181961,-0.20061462725586005
2964,7.570539711568379,-0.20075954204124086
2965,7.569482343202343,-0.200904045969569
2966,7.568427854585734,-0.20104813558540083
2967,7.567376272159446,-0.20119180744320742
2968,7.5663276223026585,-0.20133505810745558
2969,7.565281931332059,-0.20147788415269122
2970,7.564239225501142,-0.20162028216361927
2971,7.563199530999428,-0.20176224873518614
2972,7.562162873951732,-0.20190378047266072
2973,7.561129280417418,-0.20204487399171533
2974,7.560098776389671,-0.20218552591850533
2975,7.559071387794722,-0.20232573288975142
2976,7.558047140491137,-0.20246549155281815
2977,7.557026060269057,-0.20260479856579494
2978,7.556008172849479,-0.20274365059757446
2979,7.554993503883508,-0.20288204432793258
2980,7.553982078951591,-0.20301997644760889
2981,7.552973923562827,-0.20315744365838306
2982,7.551969063154199,-0.20329444267315516
2983,7.550967523089858,-0.20343097021602316
2984,7.549969328660368,-0.20356702302236163
2985,7.5489745050819845,-0.20370259783889919
2986,7.54798307749593,-0.20383769142379585
2987,7.546995070967644,-0.2039723005467207
2988,7.546010510486063,-0.20410642198892875
2989,7.545029420962905,-0.20424005254333702
2990,7.544051827231926,-0.20437318901460147
2991,7.543077754048189,-0.2045058282191936
2992,7.542107226087342,-0.20463796698547582
2993,7.541140267944922,-0.20476960215377613
2994,7.540176904135592,-0.20490073057646524
2995,7.539217159092426,-0.20503134911803064
2996,7.538261057166233,-0.20516145465515037
2997,7.537308622624766,-0.20529104407676976
2998,7.53635987965207,-0.20542011428417326
2999,7.53541485234774,-0.20554866219105924
